PM2.5(微克每立方米),PM10(微克每立方米),SO2(微克每立方米),NO2(微克每立方米),CO(毫克每立方米),O3(微克每立方米),U(m/s),V(m/s),TEMP(K),RH(%),PSFC(Pa),lat,lon,AQI,Major pollutants,id
26.410000,56.500000,16.459999,16.010000,0.500000,55.320000,-3.760000,2.460000,285.059998,33.770000,93306.882812,28.3,108.78,53.250000,PM10,6402
27.549999,60.880001,17.230000,19.040001,0.540000,55.009998,-2.560000,1.230000,284.839996,35.090000,93785.117188,28.29,108.93,55.440002,PM10,6403
28.080000,64.459999,17.709999,22.650000,0.580000,53.910000,-2.180000,0.200000,285.329987,35.240002,95197.656250,28.29,109.08,57.230000,PM10,6404
27.389999,53.630001,19.190001,14.970000,0.460000,54.160000,-4.480000,1.510000,285.859985,35.029999,94808.710938,28.44,108.63,51.815002,PM10,6582
28.459999,56.930000,20.850000,17.879999,0.490000,54.000000,-3.980000,0.920000,284.730011,37.860001,93827.000000,28.43,108.78,53.465000,PM10,6583
29.420000,60.500000,21.750000,20.590000,0.520000,53.650002,-2.640000,0.420000,284.619995,39.320000,94290.546875,28.43,108.94,55.250000,PM10,6584
29.680000,64.330002,23.719999,24.400000,0.560000,52.759998,-1.830000,-0.060000,285.040009,39.389999,95177.656250,28.42,109.09,57.165001,PM10,6585
47.650002,70.040001,13.160000,17.290001,0.580000,61.060001,-1.960000,10.220000,285.720001,48.849998,90360.656250,28.62,106.47,65.812500,PM2.5,6757
28.370001,51.650002,20.490000,13.290000,0.440000,55.040001,-4.490000,0.120000,285.929993,37.299999,94990.132812,28.57,108.63,50.825001,PM10,6771
29.040001,53.459999,19.530001,14.720000,0.440000,55.250000,-3.970000,-0.010000,284.519989,39.950001,93428.539062,28.57,108.79,51.730000,PM10,6772
29.590000,56.130001,19.190001,16.840000,0.470000,55.099998,-2.310000,-0.040000,284.630005,42.240002,94513.796875,28.56,108.94,53.065002,PM10,6773
29.950001,59.240002,19.420000,19.980000,0.500000,54.590000,-1.420000,0.100000,285.070007,42.060001,95532.000000,28.56,109.1,54.620003,PM10,6774
30.440001,60.770000,18.490000,23.209999,0.520000,53.250000,-1.330000,-0.110000,285.329987,42.169998,96523.976562,28.55,109.25,55.385002,PM10,6775
46.650002,67.540001,13.640000,17.250000,0.560000,60.380001,-2.780000,10.040000,288.920013,40.480000,93205.632812,28.76,106.32,64.562500,PM2.5,6949
46.290001,67.199997,13.000000,17.180000,0.570000,60.650002,-2.680000,9.350000,287.709991,43.900002,92399.656250,28.75,106.47,64.112503,PM2.5,6950
43.799999,63.139999,12.570000,16.450001,0.560000,60.310001,-2.670000,7.230000,288.850006,41.119999,94294.187500,28.75,106.63,61.000000,PM2.5,6951
40.830002,55.900002,12.610000,13.240000,0.500000,60.860001,-4.170000,6.150000,289.869995,37.680000,95837.953125,28.75,106.78,57.287502,PM2.5,6952
30.040001,49.139999,20.240000,10.100000,0.410000,56.360001,-4.150000,0.920000,285.190002,38.439999,93542.101562,28.71,108.48,49.139999,PM10,6963
29.840000,50.330002,20.770000,11.380000,0.420000,55.630001,-4.270000,-0.310000,284.779999,39.250000,93119.617188,28.71,108.64,50.165001,PM10,6964
29.760000,51.110001,20.059999,12.800000,0.420000,56.160000,-2.850000,-0.500000,284.410004,41.580002,93421.023438,28.7,108.79,50.555000,PM10,6965
30.420000,53.990002,19.469999,15.010000,0.450000,55.709999,-1.170000,-0.380000,285.079987,43.639999,95599.843750,28.7,108.95,51.995003,PM10,6966
31.200001,56.990002,18.820000,17.940001,0.480000,54.750000,-0.940000,0.260000,285.559998,44.110001,97057.820312,28.69,109.1,53.495003,PM10,6967
44.830002,64.930000,13.130000,17.400000,0.560000,59.540001,-3.260000,7.060000,290.839996,37.410000,95737.617188,28.89,106.32,62.287502,PM2.5,7148
44.759998,64.540001,12.710000,17.889999,0.570000,59.599998,-4.380000,7.610000,289.549988,40.279999,94811.546875,28.89,106.47,62.199997,PM2.5,7149
43.310001,61.119999,12.480000,17.830000,0.560000,59.290001,-4.580000,6.170000,289.619995,39.389999,95748.593750,28.89,106.63,60.387501,PM2.5,7150
41.590000,55.750000,12.740000,15.050000,0.500000,60.500000,-5.880000,5.640000,289.640015,37.430000,96057.382812,28.89,106.78,58.237499,PM2.5,7151
42.560001,54.619999,12.910000,10.970000,0.470000,62.360001,-8.920000,5.740000,287.570007,39.700001,93516.203125,28.88,106.94,59.450001,PM2.5,7152
46.310001,58.840000,12.490000,10.160000,0.490000,57.700001,-5.280000,2.530000,281.980011,51.889999,88620.789062,28.88,107.25,64.137505,PM2.5,7154
31.180000,48.130001,20.610001,10.050000,0.400000,55.529999,-4.570000,2.240000,284.660004,37.750000,91879.640625,28.85,108.49,48.130001,PM10,7162
31.650000,49.939999,22.030001,11.240000,0.410000,54.919998,-4.260000,1.120000,283.510010,40.279999,90914.093750,28.84,108.64,49.939999,PM10,7163
31.969999,51.970001,25.150000,13.710000,0.430000,55.139999,-2.060000,-0.110000,284.059998,42.009998,92834.062500,28.84,108.8,50.985001,PM10,7164
31.590000,52.810001,20.639999,13.840000,0.440000,55.700001,-0.710000,-0.510000,285.619995,42.660000,96522.882812,28.84,108.95,51.404999,PM10,7165
31.780001,53.970001,16.709999,14.120000,0.460000,56.070000,-1.340000,0.040000,286.019989,42.430000,97379.953125,28.83,109.11,51.985001,PM10,7166
54.770000,77.800003,13.710000,22.920000,0.620000,54.820000,-1.440000,0.250000,292.239990,41.220001,98804.046875,29.03,105.85,74.712502,PM2.5,7347
51.529999,73.930000,13.400000,21.200001,0.610000,56.570000,-1.550000,1.240000,292.500000,38.250000,98832.031250,29.03,106.01,70.662498,PM2.5,7348
47.060001,68.050003,13.140000,19.340000,0.590000,58.130001,-2.480000,3.460000,292.660004,35.740002,98559.203125,29.03,106.17,65.075005,PM2.5,7349
44.509998,64.559998,12.780000,18.600000,0.590000,58.790001,-4.200000,5.050000,292.010010,36.189999,97884.046875,29.03,106.32,61.887497,PM2.5,7350
44.029999,63.189999,12.610000,19.430000,0.590000,58.880001,-5.600000,6.900000,290.880005,37.639999,96997.156250,29.03,106.48,61.287498,PM2.5,7351
43.349998,60.240002,12.550000,19.100000,0.570000,59.090000,-5.630000,6.920000,289.820007,38.080002,96300.296875,29.02,106.63,60.437500,PM2.5,7352
41.880001,55.560001,12.760000,15.530000,0.520000,60.720001,-5.960000,6.800000,289.320007,36.759998,95448.773438,29.02,106.79,58.600002,PM2.5,7353
41.450001,53.020000,12.980000,12.200000,0.490000,62.480000,-7.680000,6.450000,288.589996,36.009998,93859.156250,29.02,106.94,58.062500,PM2.5,7354
42.189999,52.040001,13.070000,9.660000,0.460000,64.190002,-8.030000,6.060000,285.049988,41.639999,89533.773438,29.02,107.1,58.987499,PM2.5,7355
45.799999,57.540001,12.380000,10.060000,0.480000,57.790001,-5.570000,6.000000,281.519989,50.910000,86914.953125,29.01,107.25,63.500000,PM2.5,7356
38.790001,50.189999,14.850000,8.010000,0.440000,58.959999,-3.070000,3.910000,283.660004,43.029999,90481.539062,29.0,107.87,54.737503,PM2.5,7360
32.970001,46.650002,19.120001,9.730000,0.400000,55.950001,-0.920000,1.250000,285.200012,42.779999,94181.757812,28.99,108.34,47.100002,PM2.5,7363
31.990000,46.549999,20.680000,9.850000,0.390000,54.930000,-3.100000,2.360000,285.380005,37.830002,92946.976562,28.99,108.49,46.549999,PM10,7364
32.369999,48.060001,21.620001,10.500000,0.400000,55.189999,-4.130000,2.740000,283.809998,38.770000,90616.500000,28.98,108.65,48.060001,PM10,7365
33.009998,50.099998,23.620001,12.310000,0.420000,55.049999,-2.210000,1.160000,283.519989,42.880001,91960.367188,28.98,108.8,50.049999,PM10,7366
31.959999,50.099998,18.670000,11.690000,0.430000,56.310001,-0.540000,-0.190000,285.459991,41.799999,95780.570312,28.97,108.96,50.049999,PM10,7367
32.070000,51.330002,15.280000,11.500000,0.440000,56.869999,-1.310000,-0.280000,285.790009,42.470001,96493.921875,28.97,109.11,50.665001,PM10,7368
54.509998,77.820000,12.600000,25.730000,0.650000,52.980000,-3.180000,0.440000,291.630005,41.779999,98255.593750,29.17,105.86,74.387497,PM2.5,7565
52.110001,74.660004,12.780000,22.879999,0.640000,55.549999,-3.650000,0.880000,291.970001,38.849998,98470.382812,29.17,106.01,71.387497,PM2.5,7566
49.090000,70.610001,12.930000,20.870001,0.630000,57.000000,-4.000000,2.540000,292.140015,37.290001,98650.781250,29.17,106.17,67.612503,PM2.5,7567
45.849998,66.190002,12.880000,19.950001,0.620000,57.810001,-4.670000,4.510000,292.239990,36.099998,98895.976562,29.16,106.32,63.562500,PM2.5,7568
44.680000,63.900002,12.850000,20.930000,0.610000,57.950001,-5.490000,6.790000,291.510010,35.970001,98164.921875,29.16,106.48,62.099998,PM2.5,7569
43.810001,60.840000,12.780000,20.430000,0.590000,58.240002,-5.230000,7.650000,290.350006,35.930000,96748.843750,29.16,106.63,61.012501,PM2.5,7570
42.340000,56.709999,12.750000,16.320000,0.550000,59.470001,-4.680000,7.190000,289.790009,34.869999,95446.968750,29.16,106.79,59.174999,PM2.5,7571
41.500000,54.209999,12.960000,14.210000,0.520000,60.040001,-5.300000,6.310000,289.500000,33.869999,94490.562500,29.16,106.94,58.125000,PM2.5,7572
41.509998,52.939999,13.080000,12.170000,0.490000,60.570000,-6.240000,7.870000,288.450012,34.810001,93163.773438,29.15,107.1,58.137497,PM2.5,7573
43.119999,53.759998,12.640000,9.180000,0.460000,59.830002,-6.170000,9.980000,285.709991,39.980000,90952.656250,29.15,107.26,60.149998,PM2.5,7574
39.310001,49.209999,15.000000,8.410000,0.430000,58.599998,-2.320000,2.800000,284.559998,43.560001,92481.476562,29.14,107.88,55.387501,PM2.5,7578
37.910000,48.419998,15.650000,8.430000,0.420000,58.330002,-2.340000,3.210000,284.230011,44.209999,92283.382812,29.13,108.03,53.637501,PM2.5,7579
36.150002,47.040001,17.270000,8.940000,0.400000,58.009998,-1.510000,2.360000,283.859985,44.950001,91704.539062,29.13,108.19,51.437500,PM2.5,7580
33.639999,44.389999,18.379999,8.920000,0.370000,56.889999,-0.850000,0.820000,284.910004,44.570000,93786.132812,29.13,108.34,48.057140,PM2.5,7581
33.169998,44.349998,19.120001,9.060000,0.360000,54.770000,-2.160000,1.430000,285.459991,40.900002,94296.093750,29.12,108.5,47.385712,PM2.5,7582
32.950001,45.380001,19.280001,9.450000,0.370000,54.709999,-3.900000,2.980000,284.450012,39.869999,92137.703125,29.12,108.65,47.071430,PM2.5,7583
32.849998,46.470001,18.840000,9.980000,0.390000,55.270000,-3.140000,2.300000,283.369995,42.830002,91516.117188,29.11,108.81,46.928570,PM2.5,7584
31.139999,45.740002,14.980000,9.100000,0.390000,57.830002,-1.080000,0.440000,284.540009,41.840000,93548.312500,29.11,108.97,45.740002,PM10,7585
31.809999,48.400002,14.500000,9.700000,0.430000,57.450001,-0.860000,-0.310000,285.489990,42.700001,95714.062500,29.1,109.12,48.400002,PM10,7586
52.320000,76.050003,11.380000,28.080000,0.650000,46.770000,-3.970000,1.990000,291.000000,46.500000,97589.156250,29.31,105.55,71.650002,PM2.5,7785
55.349998,79.989998,11.070000,31.520000,0.680000,47.459999,-3.930000,1.700000,290.750000,44.509998,97217.312500,29.31,105.7,75.437500,PM2.5,7786
55.189999,80.550003,11.040000,33.730000,0.710000,48.490002,-4.070000,1.280000,291.100006,41.959999,97718.906250,29.3,105.86,75.237495,PM2.5,7787
53.549999,78.540001,12.000000,31.900000,0.700000,51.049999,-4.600000,2.130000,291.410004,39.520000,98008.976562,29.3,106.01,73.187500,PM2.5,7788
51.080002,74.910004,12.560000,30.160000,0.690000,52.810001,-4.670000,3.310000,291.380005,38.480000,98103.007812,29.3,106.17,70.100006,PM2.5,7789
47.820000,70.230003,12.740000,29.730000,0.680000,53.770000,-4.440000,4.730000,291.739990,36.680000,98704.656250,29.3,106.32,66.025002,PM2.5,7790
45.880001,66.790001,12.940000,28.809999,0.660000,54.730000,-4.400000,6.470000,291.589996,35.099998,98363.343750,29.3,106.48,63.600002,PM2.5,7791
44.189999,62.689999,12.850000,25.650000,0.640000,55.740002,-3.990000,6.900000,291.089996,34.000000,97369.953125,29.3,106.64,61.487499,PM2.5,7792
42.430000,57.990002,12.540000,17.629999,0.580000,57.599998,-3.560000,5.720000,290.540009,33.709999,96272.757812,29.29,106.79,59.287498,PM2.5,7793
42.209999,56.029999,12.770000,15.650000,0.550000,58.150002,-3.790000,4.920000,289.320007,34.750000,94624.617188,29.29,106.95,59.012497,PM2.5,7794
40.880001,52.980000,12.970000,13.000000,0.510000,58.919998,-4.440000,6.530000,288.910004,34.770000,94331.671875,29.29,107.1,57.350002,PM2.5,7795
40.490002,50.830002,12.770000,9.380000,0.460000,59.580002,-5.470000,8.430000,288.399994,35.139999,94057.468750,29.29,107.26,56.862503,PM2.5,7796
41.110001,50.500000,13.220000,8.360000,0.440000,60.630001,-6.250000,7.720000,285.929993,38.619999,91074.046875,29.28,107.41,57.637501,PM2.5,7797
41.720001,50.689999,13.710000,7.930000,0.430000,60.259998,-5.710000,5.740000,283.470001,44.540001,88959.789062,29.28,107.57,58.400002,PM2.5,7798
41.419998,50.220001,14.260000,8.930000,0.440000,58.279999,-3.720000,2.680000,283.540009,48.169998,91407.703125,29.28,107.73,58.024998,PM2.5,7799
39.299999,47.680000,15.750000,9.780000,0.420000,59.470001,-2.170000,0.640000,284.880005,47.020000,94010.460938,29.27,107.88,55.375000,PM2.5,7800
38.470001,47.270000,17.240000,10.060000,0.420000,58.459999,-1.820000,1.460000,284.709991,47.189999,93553.609375,29.27,108.04,54.337502,PM2.5,7801
36.630001,45.509998,17.600000,9.210000,0.390000,57.529999,-1.750000,1.450000,284.540009,46.880001,93367.976562,29.27,108.19,52.037502,PM2.5,7802
35.279999,44.029999,17.629999,8.620000,0.370000,55.770000,-2.020000,0.930000,284.619995,45.130001,93583.007812,29.26,108.35,50.349998,PM2.5,7803
34.540001,43.310001,17.360001,8.360000,0.350000,54.380001,-2.400000,1.230000,284.750000,42.369999,93268.312500,29.26,108.5,49.342857,PM2.5,7804
34.099998,44.209999,17.120001,8.780000,0.360000,53.560001,-3.260000,2.390000,284.510010,41.070000,92490.968750,29.25,108.66,48.714283,PM2.5,7805
33.330002,44.840000,16.420000,8.990000,0.380000,54.630001,-3.440000,3.230000,283.720001,40.349998,90873.609375,29.25,108.82,47.614288,PM2.5,7806
32.169998,45.259998,14.310000,8.560000,0.400000,56.950001,-1.920000,1.860000,283.480011,42.230000,91164.390625,29.24,108.97,45.957142,PM2.5,7807
47.639999,71.050003,10.680000,26.490000,0.660000,44.369999,-3.520000,1.540000,290.730011,49.090000,97738.937500,29.44,105.39,65.800003,PM2.5,8011
50.110001,74.449997,9.910000,30.010000,0.670000,45.099998,-3.960000,2.060000,290.920013,45.490002,97610.218750,29.44,105.55,68.887497,PM2.5,8012
52.900002,78.629997,9.230000,34.840000,0.710000,45.000000,-4.140000,1.970000,290.790009,43.770000,97418.289062,29.44,105.7,72.375000,PM2.5,8013
53.959999,81.089996,9.550000,38.439999,0.750000,45.680000,-4.380000,1.860000,290.859985,42.049999,97625.523438,29.44,105.86,73.699997,PM2.5,8014
54.230000,82.139999,11.180000,39.669998,0.770000,47.250000,-4.720000,2.630000,291.170013,39.939999,98015.187500,29.44,106.01,74.037498,PM2.5,8015
53.680000,82.029999,12.030000,43.619999,0.790000,47.090000,-4.570000,3.670000,291.160004,38.619999,98056.226562,29.44,106.17,73.349998,PM2.5,8016
51.090000,78.839996,12.420000,48.930000,0.800000,46.480000,-3.850000,4.540000,291.390015,36.900002,98390.031250,29.44,106.33,70.112503,PM2.5,8017
48.169998,73.470001,12.840000,46.639999,0.770000,48.759998,-3.130000,4.980000,291.769989,34.580002,98632.320312,29.43,106.48,66.462494,PM2.5,8018
45.480000,66.820000,12.730000,35.580002,0.710000,52.250000,-2.750000,4.090000,291.510010,33.849998,98092.929688,29.43,106.64,63.099998,PM2.5,8019
42.540001,58.759998,12.250000,17.830000,0.590000,57.070000,-3.090000,3.460000,290.760010,34.150002,96982.226562,29.43,106.79,59.425003,PM2.5,8020
41.880001,55.970001,12.470000,15.010000,0.550000,57.799999,-4.110000,4.250000,289.420013,35.119999,95161.843750,29.43,106.95,58.600002,PM2.5,8021
40.680000,52.790001,12.720000,12.140000,0.500000,58.880001,-5.170000,5.500000,288.260010,36.400002,93942.679688,29.42,107.11,57.099998,PM2.5,8022
40.000000,50.410000,13.000000,10.000000,0.460000,60.070000,-6.310000,6.570000,287.279999,37.480000,93058.679688,29.42,107.26,56.250000,PM2.5,8023
39.459999,48.320000,13.410000,8.650000,0.430000,62.220001,-7.770000,6.090000,285.820007,40.910000,91945.968750,29.42,107.42,55.574997,PM2.5,8024
39.970001,48.090000,13.530000,8.760000,0.420000,60.790001,-7.950000,4.280000,283.549988,46.869999,90492.867188,29.42,107.57,56.212502,PM2.5,8025
40.130001,48.049999,13.920000,10.300000,0.420000,58.060001,-5.100000,1.140000,282.619995,50.029999,90239.242188,29.41,107.73,56.412502,PM2.5,8026
38.900002,46.549999,15.440000,10.480000,0.410000,60.070000,-2.360000,-0.350000,284.059998,47.369999,92514.742188,29.41,107.89,54.875000,PM2.5,8027
38.349998,46.180000,17.959999,10.900000,0.410000,60.070000,-1.830000,-0.030000,284.850006,46.630001,93892.750000,29.41,108.04,54.187500,PM2.5,8028
37.279999,44.910000,17.740000,9.350000,0.390000,58.320000,-1.970000,0.350000,285.109985,45.520000,94167.882812,29.4,108.2,52.849998,PM2.5,8029
37.529999,45.060001,17.639999,8.700000,0.380000,55.410000,-2.160000,0.920000,284.670013,44.549999,93030.812500,29.4,108.35,53.162498,PM2.5,8030
37.830002,45.630001,17.790001,8.620000,0.370000,53.320000,-1.800000,1.540000,283.989990,43.910000,91669.007812,29.39,108.51,53.537502,PM2.5,8031
37.090000,46.320000,17.910000,9.330000,0.390000,52.070000,-1.500000,1.600000,284.390015,44.090000,92860.203125,29.39,108.67,52.612499,PM2.5,8032
34.840000,45.430000,16.020000,9.180000,0.400000,53.459999,-2.410000,2.840000,284.679993,40.099998,92189.882812,29.38,108.82,49.771427,PM2.5,8033
46.090000,69.080002,10.280000,23.860001,0.650000,45.040001,-3.830000,1.180000,290.619995,48.610001,97795.062500,29.58,105.39,63.862499,PM2.5,8241
47.700001,71.449997,9.720000,27.120001,0.670000,46.110001,-4.160000,1.670000,290.619995,45.730000,97535.882812,29.58,105.55,65.875000,PM2.5,8242
49.389999,74.430000,9.230000,31.450001,0.700000,46.209999,-4.200000,1.710000,290.640015,43.970001,97566.148438,29.58,105.7,67.987503,PM2.5,8243
50.560001,77.230003,9.640000,35.560001,0.750000,46.419998,-4.570000,2.160000,290.579987,42.630001,97571.929688,29.58,105.86,69.450005,PM2.5,8244
51.869999,80.510002,10.590000,40.220001,0.790000,46.250000,-4.850000,2.830000,290.579987,41.029999,97564.687500,29.57,106.02,71.087502,PM2.5,8245
53.290001,84.300003,11.030000,47.450001,0.870000,44.380001,-4.450000,3.480000,290.649994,39.509998,97660.539062,29.57,106.17,72.862503,PM2.5,8246
53.580002,86.529999,11.580000,56.320000,0.950000,42.450001,-3.550000,3.690000,291.119995,37.549999,98312.148438,29.57,106.33,73.225006,PM2.5,8247
53.759998,87.300003,12.740000,63.570000,1.010000,42.959999,-2.640000,2.740000,291.500000,36.250000,98844.757812,29.57,106.48,79.462502,NO2,8248
51.310001,81.099998,13.800000,66.239998,0.990000,44.080002,-2.110000,1.110000,291.209991,36.709999,98659.460938,29.57,106.64,82.799995,NO2,8249
42.439999,59.619999,12.390000,19.000000,0.610000,57.340000,-2.640000,1.920000,290.839996,35.369999,97908.523438,29.57,106.8,59.299999,PM2.5,8250
40.619999,55.209999,12.870000,16.000000,0.560000,57.930000,-4.170000,4.480000,290.290009,33.959999,96615.867188,29.56,106.95,57.024998,PM2.5,8251
39.110001,51.560001,13.700000,14.670000,0.510000,58.959999,-5.480000,6.280000,289.489990,34.419998,95694.773438,29.56,107.11,55.137501,PM2.5,8252
38.259998,49.310001,14.980000,15.380000,0.480000,59.770000,-6.530000,7.310000,288.649994,35.419998,94915.859375,29.56,107.27,54.074997,PM2.5,8253
36.830002,45.880001,14.900000,12.150000,0.440000,62.119999,-7.680000,6.820000,287.709991,36.470001,93819.296875,29.55,107.42,52.287502,PM2.5,8254
36.049999,42.680000,13.620000,7.950000,0.390000,64.790001,-7.640000,5.550000,284.720001,40.570000,89959.046875,29.55,107.58,51.312500,PM2.5,8255
39.119999,46.560001,13.380000,9.360000,0.400000,58.450001,-4.930000,4.330000,281.130005,49.029999,86462.546875,29.55,107.73,55.149998,PM2.5,8256
38.290001,45.110001,14.090000,9.200000,0.390000,60.389999,-2.120000,2.400000,281.559998,50.720001,88306.453125,29.54,107.89,54.112503,PM2.5,8257
37.500000,44.070000,15.600000,8.750000,0.380000,62.369999,-1.560000,1.430000,283.119995,47.709999,90639.617188,29.54,108.05,53.125000,PM2.5,8258
37.560001,44.240002,16.510000,8.870000,0.380000,59.840000,-1.380000,0.670000,283.850006,46.450001,91651.273438,29.54,108.2,53.200001,PM2.5,8259
38.639999,45.439999,18.020000,9.430000,0.390000,55.610001,-1.200000,0.230000,284.260010,47.540001,92733.976562,29.53,108.36,54.549999,PM2.5,8260
40.480000,47.840000,20.790001,10.380000,0.400000,51.580002,-1.240000,1.100000,284.230011,47.610001,92811.953125,29.53,108.51,56.849998,PM2.5,8261
40.610001,49.860001,24.340000,11.940000,0.440000,49.639999,-1.080000,1.040000,284.350006,47.369999,93399.726562,29.52,108.67,57.012501,PM2.5,8262
39.689999,51.029999,26.040001,13.010000,0.480000,49.270000,-1.600000,1.290000,284.720001,45.090000,93504.382812,29.52,108.83,55.862499,PM2.5,8263
45.849998,69.580002,9.150000,25.709999,0.670000,45.459999,-4.090000,1.640000,289.989990,47.139999,97000.851562,29.71,105.55,63.562500,PM2.5,8474
46.750000,71.709999,8.670000,29.719999,0.710000,45.820000,-3.850000,1.800000,290.170013,45.340000,97280.203125,29.71,105.7,64.687500,PM2.5,8475
47.290001,73.820000,9.160000,33.770000,0.750000,46.340000,-4.240000,2.530000,290.579987,42.860001,97759.078125,29.71,105.86,65.362503,PM2.5,8476
48.509998,77.000000,9.930000,39.060001,0.790000,46.029999,-4.660000,3.510000,290.290009,41.430000,97255.492188,29.71,106.02,66.887497,PM2.5,8477
49.880001,81.169998,10.130000,48.580002,0.880000,43.430000,-4.290000,3.900000,290.190002,40.400002,97243.289062,29.71,106.17,68.599998,PM2.5,8478
51.119999,85.309998,10.550000,53.630001,1.000000,43.389999,-3.710000,3.400000,290.730011,38.840000,98133.351562,29.71,106.33,70.150002,PM2.5,8479
53.509998,89.540001,12.090000,56.369999,1.130000,44.250000,-3.220000,1.730000,290.619995,39.150002,98177.523438,29.71,106.49,73.137497,PM2.5,8480
52.709999,84.510002,15.470000,60.029999,1.150000,45.750000,-2.810000,0.270000,290.459991,39.290001,98073.890625,29.7,106.64,75.037498,NO2,8481
42.009998,60.099998,13.050000,21.150000,0.630000,56.680000,-2.870000,1.010000,290.640015,37.799999,98346.359375,29.7,106.8,58.762497,PM2.5,8482
39.599998,55.110001,13.650000,18.559999,0.570000,57.700001,-3.910000,3.700000,290.980011,34.189999,98111.437500,29.7,106.96,55.750000,PM2.5,8483
37.779999,51.389999,14.880000,18.600000,0.540000,58.490002,-4.870000,5.640000,290.869995,33.209999,97674.781250,29.7,107.11,53.474998,PM2.5,8484
36.580002,49.389999,16.830000,21.549999,0.520000,58.419998,-5.010000,6.110000,290.809998,32.349998,97510.382812,29.69,107.27,51.975002,PM2.5,8485
34.220001,44.900002,16.280001,16.420000,0.470000,61.020000,-5.330000,5.860000,291.000000,30.150000,97163.132812,29.69,107.43,48.885715,PM2.5,8486
33.650002,41.439999,13.190000,8.870000,0.400000,63.049999,-5.500000,6.420000,288.829987,31.879999,93531.140625,29.69,107.58,48.071430,PM2.5,8487
36.330002,43.310001,12.840000,8.410000,0.380000,60.520000,-4.470000,8.170000,284.470001,39.380001,88449.828125,29.68,107.74,51.662502,PM2.5,8488
36.639999,42.889999,13.330000,7.980000,0.370000,61.820000,-3.100000,7.590000,282.250000,45.680000,87353.093750,29.68,107.89,52.049999,PM2.5,8489
37.599998,43.740002,14.440000,8.260000,0.380000,61.259998,-2.760000,5.700000,281.820007,48.709999,87928.343750,29.68,108.05,53.250000,PM2.5,8490
38.209999,44.279999,15.320000,8.730000,0.380000,59.669998,-1.880000,2.800000,281.910004,49.660000,88466.078125,29.67,108.21,54.012497,PM2.5,8491
39.130001,45.279999,17.910000,10.060000,0.390000,57.160000,-0.690000,0.130000,283.750000,48.360001,91969.218750,29.67,108.36,55.162502,PM2.5,8492
41.259998,48.020000,22.139999,11.490000,0.420000,53.060001,-0.970000,0.030000,284.839996,47.799999,94272.289062,29.66,108.52,57.824997,PM2.5,8493
42.889999,51.619999,27.830000,13.890000,0.470000,49.490002,-1.600000,0.840000,284.299988,47.700001,92816.171875,29.66,108.68,59.862499,PM2.5,8494
43.169998,54.340000,32.860001,16.219999,0.540000,47.720001,-1.510000,0.820000,284.200012,47.720001,92780.750000,29.65,108.83,60.212498,PM2.5,8495
44.529999,70.419998,9.070000,30.700001,0.740000,46.439999,-3.600000,2.470000,290.890015,42.919998,98417.390625,29.85,105.86,61.912498,PM2.5,8706
44.869999,72.550003,9.440000,35.660000,0.780000,46.310001,-4.060000,3.590000,291.100006,40.279999,98378.218750,29.85,106.02,62.337498,PM2.5,8707
45.709999,75.660004,9.590000,41.970001,0.850000,45.200001,-4.100000,3.990000,290.989990,39.099998,98344.117188,29.85,106.18,63.387497,PM2.5,8708
47.080002,79.169998,10.250000,43.950001,0.960000,46.660000,-3.950000,3.400000,290.799988,38.860001,98258.898438,29.84,106.33,65.100006,PM2.5,8709
49.560001,81.910004,12.110000,45.540001,1.030000,48.230000,-3.870000,2.010000,290.000000,40.200001,97304.679688,29.84,106.49,68.200005,PM2.5,8710
48.540001,76.190002,14.120000,46.439999,0.940000,49.200001,-3.640000,0.970000,289.700012,40.299999,97013.789062,29.84,106.65,66.925003,PM2.5,8711
43.160000,63.480000,13.400000,23.410000,0.670000,56.200001,-3.470000,1.120000,289.920013,38.540001,97384.460938,29.84,106.8,60.200001,PM2.5,8712
41.560001,60.009998,14.180000,22.969999,0.630000,56.810001,-3.530000,2.660000,290.429993,35.549999,97899.960938,29.83,106.96,58.200001,PM2.5,8713
40.200001,57.119999,15.380000,23.709999,0.600000,57.310001,-3.410000,3.980000,290.769989,33.049999,98126.617188,29.83,107.12,56.500000,PM2.5,8714
39.000000,53.779999,16.270000,22.840000,0.560000,58.599998,-2.630000,4.160000,290.529999,31.690001,97696.203125,29.83,107.27,55.000000,PM2.5,8715
37.919998,51.599998,15.500000,18.860001,0.520000,61.259998,-2.350000,2.670000,291.140015,31.250000,97724.281250,29.83,107.43,53.649998,PM2.5,8716
33.669998,44.169998,13.480000,11.850000,0.450000,64.190002,-2.430000,4.610000,291.540009,28.879999,97365.976562,29.82,107.59,48.099998,PM2.5,8717
32.299999,39.770000,12.680000,8.920000,0.390000,61.240002,-2.360000,7.560000,289.959991,30.180000,94882.562500,29.82,107.74,46.142857,PM2.5,8718
33.430000,39.439999,12.940000,7.680000,0.370000,62.380001,-3.360000,9.890000,287.149994,35.200001,92293.468750,29.82,107.9,47.757145,PM2.5,8719
35.709999,41.570000,13.910000,7.850000,0.370000,62.110001,-4.670000,8.730000,284.320007,41.459999,89706.773438,29.81,108.06,50.887497,PM2.5,8720
37.910000,43.709999,14.720000,8.730000,0.380000,59.049999,-3.910000,5.450000,281.820007,47.709999,87156.937500,29.81,108.21,53.637501,PM2.5,8721
39.470001,45.169998,16.430000,10.200000,0.390000,56.610001,-1.720000,1.720000,282.160004,50.150002,89306.859375,29.8,108.37,55.587502,PM2.5,8722
42.099998,67.849998,8.780000,29.090000,0.750000,45.369999,-3.470000,1.880000,290.929993,43.970001,98817.703125,29.98,105.86,58.924999,PM10,8941
42.380001,69.980003,9.050000,33.689999,0.790000,45.360001,-3.730000,2.660000,291.339996,41.020000,99065.710938,29.98,106.02,59.990002,PM10,8942
43.240002,72.870003,9.250000,38.020000,0.860000,45.380001,-3.790000,3.130000,291.320007,39.610001,99038.132812,29.98,106.18,61.435001,PM10,8943
44.799999,75.800003,10.020000,39.549999,0.920000,46.889999,-3.930000,2.910000,291.029999,39.340000,98673.632812,29.98,106.33,62.900002,PM10,8944
46.880001,77.250000,11.520000,40.279999,0.930000,48.549999,-4.260000,2.290000,290.019989,40.650002,97363.289062,29.98,106.49,64.849998,PM2.5,8945
46.220001,72.949997,12.480000,35.459999,0.830000,49.959999,-4.040000,1.580000,289.269989,41.549999,96554.328125,29.98,106.65,64.025002,PM2.5,8946
43.740002,66.690002,12.350000,21.110001,0.690000,56.709999,-3.480000,1.580000,289.489990,39.820000,96991.390625,29.97,106.8,60.925003,PM2.5,8947
43.189999,64.800003,13.080000,21.770000,0.670000,57.549999,-2.850000,2.360000,289.869995,37.450001,97366.101562,29.97,106.96,60.237499,PM2.5,8948
42.189999,61.779999,14.120000,22.670000,0.630000,59.509998,-2.100000,2.840000,290.329987,37.189999,97496.312500,29.97,107.12,58.987499,PM2.5,8949
36.930000,50.340000,13.220000,14.580000,0.500000,70.150002,-2.040000,2.680000,291.540009,39.110001,97333.593750,29.97,107.28,52.412498,PM2.5,8950
41.250000,57.820000,13.560000,17.730000,0.570000,59.869999,-1.450000,0.110000,290.170013,34.950001,96991.523438,29.96,107.43,57.812500,PM2.5,8951
36.540001,49.639999,13.150000,14.040000,0.500000,60.930000,-0.740000,1.770000,290.839996,32.349998,97612.281250,29.96,107.59,51.925003,PM2.5,8952
31.580000,40.099998,12.460000,10.070000,0.420000,61.660000,-1.340000,4.570000,291.450012,29.520000,97925.843750,29.96,107.75,45.114285,PM2.5,8953
30.430000,36.709999,12.730000,8.070000,0.370000,61.709999,-3.220000,7.970000,290.109985,31.020000,96148.640625,29.95,107.9,43.471428,PM2.5,8954
33.450001,39.360001,13.620000,8.170000,0.370000,61.779999,-5.200000,8.370000,287.209991,35.910000,92687.148438,29.95,108.06,47.785717,PM2.5,8955
35.970001,41.500000,14.170000,8.440000,0.370000,60.369999,-5.530000,6.630000,284.010010,41.930000,89063.109375,29.94,108.22,51.212502,PM2.5,8956
39.110001,44.639999,15.220000,10.350000,0.400000,55.880001,-3.700000,4.200000,281.410004,49.220001,87309.351562,29.94,108.37,55.137501,PM2.5,8957
39.520000,64.120003,8.120000,24.850000,0.730000,42.509998,-3.660000,0.860000,290.230011,48.889999,98503.718750,30.12,105.71,57.060001,PM10,9175
39.980000,65.800003,8.350000,27.850000,0.760000,43.680000,-3.780000,1.490000,290.470001,46.099998,98507.093750,30.12,105.86,57.900002,PM10,9176
40.820000,68.330002,8.950000,31.450001,0.800000,44.459999,-3.670000,2.040000,290.649994,43.540001,98567.226562,30.12,106.02,59.165001,PM10,9177
42.080002,71.279999,9.360000,35.259998,0.850000,45.020000,-3.440000,2.360000,290.779999,41.919998,98675.468750,30.12,106.18,60.639999,PM10,9178
43.340000,73.269997,10.110000,37.209999,0.880000,45.930000,-3.730000,2.280000,290.910004,40.650002,98799.093750,30.12,106.34,61.634998,PM10,9179
44.880001,73.900002,11.110000,36.340000,0.870000,47.009998,-4.480000,2.350000,290.190002,40.900002,97651.156250,30.11,106.49,62.350002,PM2.5,9180
45.119999,71.800003,11.620000,29.139999,0.790000,49.740002,-4.400000,2.100000,288.890015,42.599998,96124.148438,30.11,106.65,62.649998,PM2.5,9181
43.220001,65.220001,12.780000,19.709999,0.660000,57.709999,-1.710000,1.770000,289.910004,39.209999,97003.093750,30.1,107.12,60.275002,PM2.5,9184
42.619999,62.860001,12.890000,18.799999,0.620000,59.180000,-1.500000,0.480000,290.290009,41.070000,97311.406250,30.1,107.28,59.524998,PM2.5,9185
41.410000,59.770000,12.800000,17.240000,0.590000,57.959999,-1.880000,-0.670000,290.019989,37.669998,97367.046875,30.1,107.44,58.012501,PM2.5,9186
37.060001,50.709999,12.250000,13.050000,0.500000,60.119999,-2.060000,-0.060000,290.140015,34.500000,97149.179688,30.1,107.59,52.575001,PM2.5,9187
32.730000,41.689999,12.180000,10.490000,0.420000,60.520000,-2.030000,2.040000,290.369995,32.310001,97354.726562,30.09,107.75,46.757141,PM2.5,9188
30.420000,37.279999,12.670000,8.920000,0.380000,60.959999,-2.800000,5.120000,290.239990,31.440001,96656.523438,30.09,107.91,43.457142,PM2.5,9189
31.990000,37.959999,13.360000,8.500000,0.370000,61.220001,-4.440000,6.240000,288.290009,33.790001,93866.156250,30.08,108.06,45.700001,PM2.5,9190
34.240002,39.560001,13.620000,8.380000,0.370000,60.320000,-5.790000,6.100000,285.609985,37.930000,90621.421875,30.08,108.22,48.914288,PM2.5,9191
37.419998,42.639999,14.200000,9.870000,0.390000,56.490002,-4.680000,5.770000,282.170013,45.099998,86880.679688,30.08,108.38,53.024998,PM2.5,9192
39.180000,64.949997,8.090000,26.790001,0.770000,41.430000,-3.620000,1.300000,289.899994,48.900002,98206.242188,30.26,105.87,57.474998,PM10,9411
40.110001,67.370003,8.810000,29.469999,0.800000,43.009998,-3.490000,1.910000,290.089996,45.919998,98143.992188,30.25,106.02,58.685001,PM10,9412
43.619999,72.110001,10.760000,31.809999,0.830000,46.419998,-4.000000,2.180000,290.480011,41.119999,98168.593750,30.25,106.5,61.055000,PM10,9415
44.389999,66.230003,12.500000,19.940001,0.660000,56.130001,-2.340000,-0.680000,289.589996,41.009998,97118.531250,30.24,107.28,61.737499,PM2.5,9420
40.830002,58.869999,12.210000,16.889999,0.590000,57.630001,-3.340000,-0.390000,289.890015,37.509998,97237.929688,30.23,107.44,57.287502,PM2.5,9421
37.700001,51.639999,12.020000,13.760000,0.510000,59.340000,-3.680000,0.150000,289.549988,35.860001,96547.578125,30.23,107.6,53.375000,PM2.5,9422
34.709999,44.570000,12.350000,12.050000,0.440000,60.330002,-2.990000,0.990000,289.529999,34.549999,96573.320312,30.23,107.75,49.585712,PM2.5,9423
32.490002,40.630001,13.070000,11.110000,0.420000,61.040001,-2.480000,2.330000,290.480011,32.240002,97599.343750,30.22,107.91,46.414288,PM2.5,9424
33.820000,41.369999,14.450000,11.550000,0.420000,60.619999,-3.300000,2.980000,290.109985,31.750000,96356.562500,30.22,108.07,48.314285,PM2.5,9425
34.599998,40.580002,14.190000,9.970000,0.390000,60.060001,-4.050000,4.400000,287.049988,35.430000,91567.179688,30.22,108.23,49.428570,PM2.5,9426
36.209999,41.500000,13.780000,10.300000,0.390000,56.570000,-3.200000,5.780000,283.570007,40.840000,86995.851562,30.21,108.38,51.512497,PM2.5,9427
37.599998,42.840000,14.430000,11.310000,0.420000,54.990002,-1.540000,5.830000,281.989990,45.520000,85932.078125,30.21,108.54,53.250000,PM2.5,9428
39.410000,64.720001,8.300000,25.330000,0.780000,38.860001,-3.450000,0.660000,289.489990,52.200001,98236.250000,30.39,105.87,57.360001,PM10,9648
43.520000,63.650002,12.460000,20.030001,0.640000,56.080002,-3.580000,0.030000,289.500000,38.160000,96621.210938,30.37,107.44,60.650002,PM2.5,9658
41.250000,58.090000,12.580000,17.459999,0.580000,58.070000,-3.940000,1.130000,289.140015,36.169998,95917.390625,30.37,107.6,57.812500,PM2.5,9659
39.450001,53.020000,13.220000,16.650000,0.540000,58.680000,-3.070000,1.700000,289.000000,35.310001,96019.656250,30.36,107.76,55.562500,PM2.5,9660
39.320000,51.360001,14.880000,17.420000,0.530000,58.650002,-1.470000,1.200000,290.070007,33.849998,97750.757812,30.36,107.92,55.400002,PM2.5,9661
40.570000,51.650002,17.719999,19.350000,0.530000,57.480000,-1.570000,0.050000,291.019989,32.720001,98888.750000,30.36,108.07,56.962502,PM2.5,9662
35.910000,43.509998,16.030001,14.560000,0.440000,59.020000,-2.350000,2.550000,289.760010,32.189999,95486.742188,30.35,108.23,51.137501,PM2.5,9663
37.840000,44.340000,15.630000,14.370000,0.440000,56.380001,-1.580000,4.110000,286.290009,37.099998,90276.531250,30.35,108.39,53.549999,PM2.5,9664
46.240002,67.820000,12.550000,22.600000,0.680000,54.110001,-3.300000,0.450000,289.140015,40.259998,96477.656250,30.51,107.45,64.050003,PM2.5,9898
45.230000,64.410004,13.630000,22.730000,0.650000,55.740002,-3.430000,1.770000,289.260010,36.740002,96435.437500,30.5,107.6,62.787498,PM2.5,9899
44.759998,61.009998,15.210000,23.240000,0.620000,56.610001,-2.730000,2.410000,289.070007,35.259998,96125.531250,30.5,107.76,62.199997,PM2.5,9900
46.980000,62.180000,17.370001,25.340000,0.640000,56.220001,-0.980000,1.250000,289.369995,35.650002,96759.929688,30.5,107.92,64.974998,PM2.5,9901
50.660000,65.750000,19.850000,28.129999,0.670000,54.250000,-0.290000,-1.200000,290.309998,37.200001,98403.421875,30.49,108.08,69.574997,PM2.5,9902
43.080002,53.930000,19.250000,24.370001,0.560000,54.570000,-1.210000,0.440000,290.519989,33.270000,97823.859375,30.49,108.24,60.100002,PM2.5,9903
39.759998,47.930000,17.250000,20.469999,0.510000,54.080002,-1.340000,2.600000,288.489990,35.000000,94001.492188,30.48,108.39,55.949997,PM2.5,9904
49.180000,70.230003,14.160000,27.540001,0.710000,52.860001,-3.040000,1.280000,288.890015,40.049999,96166.757812,30.64,107.61,67.724998,PM2.5,10140
50.360001,69.129997,16.690001,30.170000,0.700000,53.080002,-2.250000,1.560000,288.880005,38.869999,95986.757812,30.64,107.77,69.199997,PM2.5,10141
56.209999,74.769997,20.040001,34.930000,0.750000,52.279999,-1.390000,0.490000,288.820007,39.720001,95916.429688,30.63,107.92,76.512497,PM2.5,10142
63.020000,82.449997,22.440001,38.599998,0.810000,51.130001,-1.250000,-1.130000,288.950012,39.939999,95813.617188,30.63,108.08,85.025002,PM2.5,10143
57.889999,74.139999,26.290001,42.889999,0.750000,49.490002,-1.060000,-1.470000,289.109985,38.889999,96423.898438,30.62,108.24,78.612503,PM2.5,10144
45.230000,56.549999,20.549999,31.780001,0.620000,50.950001,-0.760000,1.270000,289.140015,35.830002,95963.937500,30.62,108.4,62.787498,PM2.5,10145
39.990002,48.419998,14.940000,20.059999,0.540000,52.730000,-0.680000,3.320000,288.040009,36.720001,93732.250000,30.62,108.56,56.237503,PM2.5,10146
39.680000,47.619999,14.320000,16.620001,0.550000,51.910000,-0.280000,4.670000,287.119995,37.570000,92139.039062,30.61,108.71,55.849998,PM2.5,10147
39.330002,47.250000,14.910000,14.990000,0.570000,49.610001,-0.710000,5.840000,287.640015,37.310001,92898.671875,30.61,108.87,55.412502,PM2.5,10148
40.110001,49.480000,13.060000,14.450000,0.660000,47.730000,-1.670000,5.520000,283.489990,47.060001,87037.570312,30.6,109.19,56.387501,PM2.5,10150
45.330002,58.439999,12.950000,21.719999,0.880000,39.590000,0.410000,4.400000,281.880005,52.330002,85547.718750,30.59,109.35,62.912502,PM2.5,10151
53.849998,76.680000,14.360000,31.500000,0.770000,50.880001,-2.780000,0.970000,288.309998,43.150002,95453.117188,30.77,107.61,73.562500,PM2.5,10381
57.009998,78.739998,16.760000,34.500000,0.790000,50.709999,-2.000000,0.320000,288.429993,43.750000,95773.320312,30.77,107.77,77.512497,PM2.5,10382
63.830002,85.540001,20.700001,40.590000,0.850000,49.730000,-1.720000,-0.480000,288.519989,44.290001,95586.476562,30.77,107.93,86.037506,PM2.5,10383
67.519997,88.480003,24.850000,46.020000,0.860000,48.650002,-1.850000,-0.650000,287.769989,44.669998,93971.867188,30.76,108.09,90.649994,PM2.5,10384
66.839996,87.349998,33.560001,63.790001,0.880000,44.389999,-1.350000,-1.360000,288.000000,43.299999,94946.226562,30.76,108.25,89.799995,PM2.5,10385
57.330002,74.669998,30.920000,58.950001,0.820000,45.049999,-0.510000,-0.700000,289.119995,39.880001,97248.023438,30.76,108.4,77.912506,PM2.5,10386
42.340000,52.869999,16.110001,25.420000,0.600000,51.380001,-0.420000,1.780000,289.350006,36.349998,96566.789062,30.75,108.56,59.174999,PM2.5,10387
40.770000,49.860001,14.360000,19.250000,0.570000,50.599998,-0.540000,2.090000,288.739990,36.959999,95429.257812,30.75,108.72,57.212502,PM2.5,10388
40.020000,48.450001,14.760000,16.400000,0.580000,48.639999,-0.550000,2.150000,289.369995,36.630001,96418.156250,30.74,108.88,56.275002,PM2.5,10389
38.250000,45.980000,14.420000,14.170000,0.580000,47.560001,-1.220000,3.780000,289.369995,36.459999,95607.906250,30.74,109.04,54.062500,PM2.5,10390
40.830002,50.119999,13.340000,15.830000,0.680000,44.080002,-1.120000,3.930000,287.130005,40.400002,91418.257812,30.73,109.19,57.287502,PM2.5,10391
43.490002,55.250000,12.750000,19.959999,0.830000,39.860001,-0.480000,4.380000,284.369995,46.650002,87695.578125,30.73,109.35,60.612503,PM2.5,10392
45.169998,57.610001,11.700000,18.709999,0.800000,39.459999,0.440000,4.460000,282.140015,53.209999,85808.203125,30.72,109.51,62.712498,PM2.5,10393
66.279999,87.120003,25.709999,49.360001,0.860000,44.730000,-2.420000,-0.520000,288.019989,47.480000,95155.117188,30.9,108.09,89.099998,PM2.5,10625
69.190002,92.040001,39.209999,76.959999,0.960000,38.779999,-2.670000,-0.720000,287.480011,47.090000,94584.343750,30.9,108.25,96.199997,NO2,10626
63.759998,84.949997,38.869999,80.180000,0.940000,40.279999,-2.640000,-1.180000,288.299988,43.950001,96237.390625,30.89,108.41,100.089996,NO2,10627
49.490002,62.639999,18.830000,32.099998,0.680000,49.060001,-2.750000,-0.090000,288.869995,41.759998,97012.906250,30.89,108.57,68.112503,PM2.5,10628
47.070000,57.980000,15.390000,22.730000,0.630000,47.900002,-3.060000,0.160000,288.989990,41.200001,96887.210938,30.88,108.73,65.087502,PM2.5,10629
46.580002,56.259998,15.800000,19.049999,0.620000,46.450001,-2.950000,-0.100000,289.260010,40.509998,96950.148438,30.88,108.88,64.475006,PM2.5,10630
47.070000,56.009998,17.000000,16.920000,0.640000,44.900002,-2.120000,-0.010000,288.809998,40.990002,96009.601562,30.87,109.04,65.087502,PM2.5,10631
47.869999,57.799999,16.850000,17.660000,0.750000,41.220001,-1.050000,0.670000,288.170013,41.599998,94627.710938,30.87,109.2,66.087502,PM2.5,10632
46.459999,57.720001,14.930000,19.850000,0.890000,38.240002,-0.350000,2.420000,287.529999,41.520000,92827.453125,30.86,109.36,64.324997,PM2.5,10633
46.160000,57.599998,13.280000,17.990000,0.840000,38.759998,0.180000,4.200000,285.739990,45.330002,89691.273438,30.86,109.52,63.950001,PM2.5,10634
45.419998,55.529999,12.530000,14.250000,0.670000,43.380001,1.180000,4.830000,284.500000,48.060001,88001.117188,30.85,109.68,63.024998,PM2.5,10635
59.810001,78.309998,20.709999,38.689999,0.760000,46.919998,-3.090000,-0.900000,288.399994,48.660000,96521.882812,31.04,108.1,81.012505,PM2.5,10867
60.720001,79.739998,25.719999,54.160000,0.800000,44.810001,-3.320000,-0.660000,287.829987,48.700001,95519.242188,31.03,108.25,82.150002,PM2.5,10868
57.250000,75.169998,24.959999,52.389999,0.780000,47.490002,-3.420000,-0.380000,288.100006,46.610001,95860.656250,31.03,108.41,77.812500,PM2.5,10869
50.599998,64.320000,16.500000,26.180000,0.660000,52.389999,-3.730000,-0.260000,288.709991,44.169998,96443.828125,31.02,108.57,69.500000,PM2.5,10870
48.639999,59.910000,15.850000,22.730000,0.620000,51.200001,-4.150000,-0.320000,289.109985,42.599998,96676.031250,31.02,108.73,67.050003,PM2.5,10871
48.799999,58.450001,16.959999,20.150000,0.600000,49.139999,-4.220000,-0.670000,288.859985,42.520000,96049.968750,31.01,108.89,67.250000,PM2.5,10872
49.560001,58.270000,18.600000,17.330000,0.590000,47.480000,-3.370000,-1.560000,287.660004,45.410000,94618.171875,31.01,109.05,68.200005,PM2.5,10873
50.400002,59.709999,20.620001,17.500000,0.720000,42.689999,-1.790000,-1.860000,287.989990,45.200001,95636.570312,31.0,109.21,69.250000,PM2.5,10874
50.009998,60.430000,21.799999,18.889999,0.880000,37.070000,-0.500000,-0.100000,288.989990,41.639999,96630.132812,31.0,109.37,68.762497,PM2.5,10875
45.669998,55.770000,17.799999,16.930000,0.850000,39.540001,0.210000,1.910000,288.670013,41.060001,95030.070312,30.99,109.52,63.337498,PM2.5,10876
42.810001,51.970001,14.760000,13.380000,0.650000,45.259998,0.880000,2.780000,288.170013,41.880001,93641.929688,30.99,109.68,59.762501,PM2.5,10877
39.669998,47.900002,11.470000,9.490000,0.450000,50.849998,0.660000,3.510000,287.369995,44.130001,92919.312500,30.98,109.84,55.837498,PM2.5,10878
40.080002,48.650002,10.640000,9.210000,0.440000,52.439999,-0.160000,3.580000,285.420013,50.139999,90660.171875,30.97,110.0,56.350002,PM2.5,10879
55.259998,72.849998,17.540001,33.189999,0.700000,48.669998,-3.350000,-1.430000,287.950012,50.820000,95737.242188,31.17,108.1,75.324997,PM2.5,11113
56.299999,74.070000,20.440001,45.540001,0.730000,47.700001,-2.880000,-0.790000,287.959991,49.919998,95874.343750,31.17,108.26,76.625000,PM2.5,11114
52.910000,69.440002,20.280001,42.369999,0.700000,50.500000,-3.180000,0.050000,288.829987,46.380001,96698.250000,31.16,108.42,72.387497,PM2.5,11115
48.160000,61.630001,15.570000,22.430000,0.620000,54.869999,-4.010000,0.120000,289.130005,43.580002,96478.296875,31.16,108.58,66.449997,PM2.5,11116
46.959999,58.180000,16.139999,20.730000,0.580000,53.970001,-4.250000,-0.120000,288.799988,43.110001,95753.640625,31.15,108.74,64.949997,PM2.5,11117
46.570000,56.119999,17.150000,17.980000,0.550000,52.160000,-4.250000,-0.410000,287.970001,45.139999,94506.046875,31.15,108.9,64.462502,PM2.5,11118
46.799999,55.459999,18.490000,14.920000,0.530000,50.680000,-4.010000,-1.130000,286.739990,47.919998,93043.203125,31.14,109.05,64.750000,PM2.5,11119
46.700001,55.310001,20.639999,14.230000,0.610000,47.320000,-3.380000,-2.130000,287.440002,46.360001,94359.593750,31.14,109.21,64.625000,PM2.5,11120
47.320000,56.410000,23.820000,14.920000,0.730000,43.220001,-2.800000,-2.080000,288.190002,44.619999,95562.898438,31.13,109.37,65.400002,PM2.5,11121
46.029999,55.720001,24.480000,15.410000,0.750000,41.310001,-2.350000,-0.370000,287.649994,45.500000,94761.859375,31.13,109.53,63.787498,PM2.5,11122
41.570000,51.110001,18.059999,13.250000,0.610000,44.330002,-2.270000,0.640000,288.019989,44.090000,95269.687500,31.12,109.69,58.212502,PM2.5,11123
38.080002,47.349998,12.010000,10.370000,0.460000,50.049999,-2.900000,1.050000,288.049988,44.450001,95341.343750,31.12,109.85,53.850002,PM2.5,11124
39.840000,49.410000,10.900000,9.840000,0.460000,52.009998,-2.800000,1.500000,285.640015,50.810001,91981.718750,31.11,110.01,56.049999,PM2.5,11125
51.439999,67.330002,16.530001,40.560001,0.640000,49.200001,-2.700000,-0.500000,287.540009,51.169998,94807.273438,31.3,108.26,70.549995,PM2.5,11357
48.689999,63.430000,17.070000,37.980000,0.630000,52.200001,-3.020000,0.070000,288.839996,46.220001,96066.617188,31.3,108.42,67.112495,PM2.5,11358
45.430000,58.070000,14.790000,21.059999,0.570000,56.349998,-3.600000,0.310000,288.730011,44.730000,95319.250000,31.3,108.58,63.037498,PM2.5,11359
43.959999,54.529999,15.350000,16.670000,0.520000,57.119999,-3.680000,0.260000,287.440002,46.790001,93343.976562,31.29,108.74,61.199997,PM2.5,11360
43.439999,52.759998,16.100000,14.010000,0.490000,56.310001,-3.750000,-0.150000,286.640015,48.630001,92308.156250,31.29,108.9,60.549999,PM2.5,11361
42.950001,51.540001,16.820000,11.560000,0.480000,55.139999,-3.800000,-0.730000,286.350006,49.000000,92026.343750,31.28,109.06,59.937500,PM2.5,11362
43.080002,51.410000,18.090000,10.720000,0.510000,52.880001,-3.360000,-1.430000,286.010010,49.709999,91731.539062,31.28,109.22,60.100002,PM2.5,11363
43.599998,52.130001,20.250000,10.840000,0.560000,50.290001,-2.780000,-1.720000,286.019989,50.070000,92155.500000,31.27,109.38,60.750000,PM2.5,11364
41.070000,49.790001,20.180000,10.850000,0.560000,50.560001,-3.130000,-0.780000,286.730011,48.270000,93370.453125,31.26,109.54,57.587502,PM2.5,11365
37.480000,46.080002,15.970000,9.740000,0.490000,53.009998,-3.970000,0.190000,287.519989,45.500000,94069.453125,31.26,109.7,53.099998,PM2.5,11366
35.560001,43.910000,11.630000,8.130000,0.410000,56.380001,-3.890000,-0.210000,286.480011,48.169998,92396.687500,31.25,109.86,50.700001,PM2.5,11367
36.680000,45.099998,10.730000,7.330000,0.410000,58.810001,-2.720000,-0.180000,284.890015,52.919998,90334.296875,31.25,110.01,52.099998,PM2.5,11368
46.209999,59.599998,13.690000,30.750000,0.550000,50.830002,-2.510000,0.020000,287.290009,52.060001,93833.929688,31.44,108.27,64.012497,PM2.5,11596
45.009998,57.630001,14.280000,29.350000,0.540000,53.349998,-2.890000,0.490000,287.500000,49.410000,93550.406250,31.44,108.43,62.512497,PM2.5,11597
43.209999,54.660000,13.720000,17.610001,0.520000,57.480000,-2.920000,0.760000,286.750000,49.919998,92171.117188,31.43,108.59,60.262497,PM2.5,11598
41.220001,51.139999,14.210000,12.700000,0.470000,59.779999,-3.160000,0.910000,285.489990,51.520000,90170.523438,31.43,108.75,57.775002,PM2.5,11599
40.580002,49.689999,14.670000,10.410000,0.460000,59.820000,-3.290000,0.520000,285.070007,51.160000,89520.929688,31.42,108.91,56.975002,PM2.5,11600
39.740002,48.180000,14.900000,8.630000,0.440000,59.169998,-2.760000,-0.220000,284.570007,52.709999,88817.023438,31.42,109.07,55.925003,PM2.5,11601
39.419998,47.369999,15.540000,7.740000,0.440000,59.049999,-2.020000,-0.660000,283.820007,55.529999,88091.250000,31.41,109.23,55.524998,PM2.5,11602
40.279999,48.299999,16.000000,7.620000,0.440000,56.750000,-1.190000,-0.710000,284.500000,55.310001,89876.757812,31.41,109.38,56.599998,PM2.5,11603
37.090000,44.860001,15.180000,7.180000,0.430000,58.090000,-1.250000,-0.110000,286.029999,50.740002,92066.539062,31.4,109.54,52.612499,PM2.5,11604
34.730000,42.130001,12.890000,6.640000,0.400000,59.189999,-2.230000,1.320000,285.329987,50.040001,89778.156250,31.39,109.7,49.614285,PM2.5,11605
33.910000,40.750000,10.600000,5.510000,0.370000,61.700001,-1.870000,1.430000,282.290009,57.560001,84941.898438,31.39,109.86,48.442856,PM2.5,11606
33.669998,39.849998,10.230000,4.240000,0.350000,66.279999,-0.920000,1.160000,281.649994,60.540001,84243.820312,31.38,110.02,48.099998,PM2.5,11607
42.779999,52.919998,12.710000,13.920000,0.460000,55.639999,-2.660000,0.840000,285.070007,56.130001,89799.476562,31.57,108.43,59.724998,PM2.5,11840
41.060001,50.490002,12.690000,10.750000,0.440000,59.259998,-2.230000,1.330000,284.540009,56.009998,88873.789062,31.57,108.59,57.575001,PM2.5,11841
39.480000,48.060001,13.170000,8.560000,0.420000,61.830002,-2.330000,1.900000,283.859985,55.810001,87626.726562,31.56,108.75,55.599998,PM2.5,11842
39.080002,46.990002,13.430000,7.170000,0.410000,62.349998,-2.490000,2.040000,282.760010,56.669998,85735.617188,31.56,108.91,55.100002,PM2.5,11843
39.049999,46.299999,13.740000,5.790000,0.390000,63.349998,-1.390000,1.510000,281.029999,61.419998,83290.031250,31.55,109.07,55.062500,PM2.5,11844
38.619999,45.290001,14.080000,5.010000,0.380000,64.269997,-0.590000,0.560000,281.489990,62.340000,84376.132812,31.55,109.23,54.524998,PM2.5,11845
39.169998,46.169998,14.800000,5.320000,0.390000,62.599998,-0.480000,0.110000,283.670013,58.490002,88533.750000,31.54,109.39,55.212498,PM2.5,11846
36.990002,44.220001,14.200000,5.950000,0.400000,61.290001,-0.620000,0.130000,284.230011,56.150002,89378.476562,31.54,109.55,52.487503,PM2.5,11847
34.470001,41.540001,12.340000,5.570000,0.380000,59.889999,-0.710000,2.550000,282.709991,57.529999,85831.078125,31.53,109.71,49.242859,PM2.5,11848
34.130001,40.950001,10.710000,4.650000,0.360000,61.410000,-0.160000,3.470000,281.670013,60.189999,83362.406250,31.52,109.87,48.757145,PM2.5,11849
41.500000,50.730000,12.380000,9.010000,0.430000,56.939999,-1.620000,1.690000,282.690002,61.980000,86241.843750,31.7,108.6,58.125000,PM2.5,12083
39.500000,47.939999,12.790000,7.130000,0.410000,61.320000,-1.330000,2.470000,282.489990,60.230000,85399.406250,31.7,108.76,55.625000,PM2.5,12084
38.570000,46.310001,12.800000,6.040000,0.390000,62.419998,-1.160000,2.850000,281.570007,60.959999,83683.218750,31.69,108.92,54.462502,PM2.5,12085
38.060001,45.080002,13.140000,4.910000,0.380000,64.589996,-0.490000,2.890000,279.880005,64.809998,81186.109375,31.69,109.08,53.825001,PM2.5,12086
38.099998,44.689999,13.540000,4.300000,0.360000,66.230003,-0.030000,1.700000,280.329987,66.459999,82412.281250,31.68,109.24,53.875000,PM2.5,12087
37.599998,44.360001,13.930000,4.210000,0.370000,65.349998,0.260000,0.740000,282.940002,61.220001,87038.007812,31.68,109.4,53.250000,PM2.5,12088
36.400002,43.270000,13.320000,4.580000,0.370000,64.839996,0.280000,0.380000,283.190002,61.360001,87936.812500,31.67,109.56,51.750000,PM2.5,12089
35.700001,42.959999,12.200000,4.900000,0.380000,60.330002,0.660000,2.240000,282.140015,62.889999,85633.539062,31.67,109.72,50.875000,PM2.5,12090
43.250000,52.799999,12.240000,9.820000,0.440000,51.189999,-1.310000,1.250000,282.160004,67.620003,86001.859375,31.84,108.44,60.312500,PM2.5,12326
42.000000,51.419998,12.260000,9.370000,0.440000,53.639999,-0.900000,1.380000,282.640015,65.059998,86477.703125,31.84,108.6,58.750000,PM2.5,12327
40.169998,48.889999,12.720000,7.250000,0.420000,57.639999,-0.970000,1.600000,282.619995,63.270000,86081.273438,31.83,108.76,56.462498,PM2.5,12328
38.860001,46.820000,12.690000,5.980000,0.400000,60.070000,-0.830000,2.130000,281.690002,63.369999,84071.382812,31.83,108.92,54.825001,PM2.5,12329
38.320000,45.540001,12.610000,4.670000,0.380000,61.500000,-0.150000,2.890000,279.920013,66.529999,81128.757812,31.82,109.08,54.150002,PM2.5,12330
42.660000,52.299999,12.600000,10.410000,0.450000,50.380001,-0.860000,0.800000,282.970001,68.690002,87684.203125,31.98,108.29,59.575001,PM2.5,12570
43.130001,52.610001,11.930000,9.280000,0.450000,49.410000,-0.870000,1.090000,282.450012,70.930000,86895.273438,31.98,108.45,60.162502,PM2.5,12571
41.560001,50.869999,12.030000,8.890000,0.440000,52.290001,-0.990000,0.700000,282.549988,68.769997,86925.843750,31.97,108.61,58.200001,PM2.5,12572
40.740002,49.500000,12.190000,7.190000,0.420000,54.860001,-0.750000,1.000000,281.709991,69.779999,85337.023438,31.97,108.77,57.175003,PM2.5,12573
40.680000,49.090000,12.140000,6.310000,0.410000,55.310001,-0.220000,1.910000,281.019989,70.400002,83706.523438,31.97,108.93,57.099998,PM2.5,12574
42.840000,52.240002,11.870000,8.780000,0.450000,48.830002,-0.760000,1.090000,283.200012,71.599998,88394.523438,32.12,108.45,59.799999,PM2.5,12821
43.529999,52.959999,11.400000,8.240000,0.460000,49.200001,-0.560000,1.760000,281.059998,76.050003,84781.296875,32.11,108.62,60.662498,PM2.5,12822
