PM2.5(微克每立方米),PM10(微克每立方米),SO2(微克每立方米),NO2(微克每立方米),CO(毫克每立方米),O3(微克每立方米),U(m/s),V(m/s),TEMP(K),RH(%),PSFC(Pa),lat,lon,AQI,Major pollutants,id
4.900000,6.980000,2.240000,5.040000,0.110000,62.520000,7.250000,-2.210000,300.920013,86.160004,99615.617188,22.01,120.72,7.000000,PM2.5,953
7.380000,9.730000,3.180000,8.050000,0.120000,64.379997,7.590000,-2.800000,299.760010,87.949997,97961.601562,22.14,120.74,10.542857,PM2.5,1059
10.930000,13.690000,4.350000,12.250000,0.130000,62.320000,8.440000,-3.650000,298.540009,87.889999,95821.031250,22.28,120.76,15.614286,PM2.5,1177
13.400000,16.719999,7.170000,20.030001,0.150000,54.250000,2.180000,-2.570000,300.950012,83.489998,100436.546875,22.45,120.5,25.037500,NO2,1297
16.129999,19.040001,5.980000,19.100000,0.150000,55.110001,3.660000,-3.770000,298.239990,90.389999,96186.898438,22.43,120.64,23.875000,NO2,1298
15.330000,17.889999,5.440000,17.260000,0.150000,59.310001,7.810000,-4.560000,297.329987,86.089996,93081.601562,22.41,120.79,21.900000,PM2.5,1299
19.010000,23.940001,13.890000,32.439999,0.180000,46.160000,1.770000,-1.390000,300.839996,84.629997,100210.523438,22.6,120.38,40.549999,NO2,1421
16.740000,20.620001,9.850000,27.490000,0.170000,50.490002,1.270000,-2.220000,300.950012,81.169998,99903.562500,22.58,120.52,34.362499,NO2,1422
19.200001,22.280001,6.630000,21.719999,0.160000,56.020000,3.340000,-3.790000,297.390015,90.559998,94568.179688,22.56,120.66,27.428572,PM2.5,1423
17.740000,20.320000,5.560000,18.900000,0.150000,61.299999,6.980000,-5.220000,296.429993,84.360001,90826.140625,22.54,120.81,25.342857,PM2.5,1424
14.200000,16.190001,4.660000,16.240000,0.140000,69.639999,4.790000,-3.710000,301.190002,66.129997,95568.140625,22.52,120.95,20.299999,NO2,1425
18.240000,22.870001,11.340000,27.920000,0.180000,51.259998,1.870000,-0.830000,300.970001,85.800003,100213.179688,22.75,120.25,34.900002,NO2,1548
19.510000,24.240000,13.230000,32.060001,0.180000,47.500000,0.810000,-1.180000,301.179993,81.589996,100355.679688,22.73,120.4,40.075001,NO2,1549
16.930000,20.450001,8.660000,25.270000,0.170000,55.160000,0.690000,-1.880000,300.760010,79.120003,99245.960938,22.71,120.54,31.587502,NO2,1550
20.360001,23.209999,5.830000,20.100000,0.160000,60.560001,2.690000,-3.640000,296.429993,90.040001,92588.187500,22.69,120.68,29.085714,PM2.5,1551
19.900000,22.340000,5.120000,18.639999,0.160000,64.750000,5.740000,-4.900000,294.790009,84.110001,87571.039062,22.67,120.83,28.428572,PM2.5,1552
16.030001,18.389999,4.120000,17.200001,0.140000,69.860001,3.740000,-3.070000,299.380005,68.870003,92427.593750,22.65,120.97,22.900002,PM2.5,1553
19.049999,23.440001,9.450000,26.660000,0.180000,54.840000,1.520000,-0.180000,300.850006,85.860001,100109.570312,22.88,120.27,33.325001,NO2,1676
18.330000,22.510000,9.600000,27.629999,0.180000,53.529999,0.730000,-1.050000,301.269989,79.750000,100079.390625,22.87,120.42,34.537498,NO2,1677
17.330000,20.549999,7.050000,22.420000,0.170000,60.180000,0.620000,-1.400000,300.350006,78.699997,98302.359375,22.85,120.56,28.025000,NO2,1678
21.540001,24.230000,5.400000,19.090000,0.160000,64.940002,2.180000,-3.070000,295.649994,89.230003,90841.203125,22.83,120.71,30.771429,PM2.5,1679
21.860001,24.020000,5.210000,18.590000,0.150000,69.620003,4.570000,-3.860000,293.519989,84.110001,85170.726562,22.81,120.85,31.228573,PM2.5,1680
17.590000,19.870001,4.190000,17.730000,0.140000,69.820000,2.740000,-2.370000,297.899994,70.900002,89840.328125,22.79,120.99,25.128572,PM2.5,1681
12.850000,14.970000,2.610000,10.890000,0.120000,79.169998,-0.860000,-1.660000,301.839996,71.430000,98224.117188,22.77,121.14,18.357143,PM2.5,1682
17.020000,21.170000,7.850000,23.049999,0.180000,60.650002,1.650000,0.400000,301.179993,85.989998,100337.539062,23.04,120.15,28.812500,NO2,1808
19.530001,23.760000,9.020000,27.469999,0.190000,54.919998,0.740000,0.180000,301.140015,83.430000,100099.296875,23.02,120.29,34.337498,NO2,1809
18.830000,22.830000,9.060000,27.340000,0.180000,55.730000,0.560000,-0.620000,301.100006,79.180000,99597.117188,23.0,120.44,34.174999,NO2,1810
18.290001,21.430000,7.090000,21.299999,0.160000,63.639999,0.860000,-1.120000,299.640015,78.730003,96940.140625,22.98,120.58,26.625000,NO2,1811
22.379999,24.990000,5.600000,18.670000,0.150000,68.019997,2.230000,-2.960000,295.109985,86.800003,89330.312500,22.96,120.73,31.971428,PM2.5,1812
23.389999,25.680000,5.480000,18.840000,0.150000,71.040001,3.780000,-3.580000,292.630005,81.930000,82969.359375,22.94,120.87,33.414284,PM2.5,1813
19.600000,21.889999,4.410000,17.799999,0.140000,72.300003,1.870000,-1.890000,296.140015,73.489998,86864.882812,22.92,121.02,28.000000,PM2.5,1814
13.910000,16.020000,2.680000,11.290000,0.120000,81.150002,-1.000000,-1.430000,300.670013,72.699997,96283.882812,22.9,121.16,19.871428,PM2.5,1815
19.270000,23.740000,8.820000,26.240000,0.190000,58.959999,1.410000,0.820000,301.220001,85.559998,100343.468750,23.17,120.17,32.799999,NO2,1942
20.340000,24.559999,8.670000,28.010000,0.190000,55.900002,0.670000,0.390000,301.209991,82.489998,99946.890625,23.15,120.32,35.012501,NO2,1943
19.840000,23.680000,8.550000,26.480000,0.180000,58.200001,0.620000,-0.150000,300.619995,79.820000,98556.343750,23.13,120.46,33.099998,NO2,1944
19.190001,22.209999,7.470000,19.809999,0.160000,67.599998,0.760000,-0.760000,298.859985,78.120003,95284.882812,23.11,120.6,27.414286,PM2.5,1945
23.299999,25.750000,5.720000,16.990000,0.150000,71.660004,1.460000,-2.690000,293.760010,86.550003,86611.539062,23.09,120.75,33.285713,PM2.5,1946
25.320000,27.620001,5.680000,17.860001,0.150000,72.910004,2.830000,-3.590000,290.290009,82.500000,78851.101562,23.07,120.89,36.171429,PM2.5,1947
21.860001,24.170000,4.680000,18.250000,0.150000,75.190002,1.440000,-1.710000,294.299988,76.050003,83811.593750,23.05,121.04,31.228573,PM2.5,1948
15.480000,17.700001,2.990000,13.910000,0.130000,80.879997,-0.860000,-0.920000,300.010010,72.000000,95038.687500,23.03,121.18,22.114285,PM2.5,1949
20.110001,24.500000,8.230000,26.200001,0.190000,59.169998,1.280000,1.430000,301.220001,85.629997,100374.960938,23.3,120.19,32.750000,NO2,2080
21.080000,25.299999,8.510000,28.209999,0.200000,57.099998,0.560000,1.120000,301.279999,81.370003,99767.218750,23.28,120.34,35.262497,NO2,2081
21.080000,24.809999,8.390000,25.840000,0.180000,60.349998,0.610000,0.440000,300.100006,80.230003,97531.210938,23.26,120.48,32.299999,NO2,2082
20.070000,23.010000,7.490000,19.540001,0.160000,70.400002,0.790000,-0.460000,298.279999,77.080002,93965.179688,23.24,120.63,28.671429,PM2.5,2083
23.299999,25.700001,5.860000,17.370001,0.150000,72.940002,1.370000,-2.070000,293.420013,84.410004,85629.078125,23.22,120.77,33.285713,PM2.5,2084
26.059999,28.459999,5.760000,18.610001,0.150000,71.190002,3.140000,-3.190000,289.369995,82.769997,77507.671875,23.2,120.92,37.228569,PM2.5,2085
22.660000,24.959999,4.740000,19.090000,0.150000,73.000000,1.620000,-1.520000,293.149994,76.750000,82016.843750,23.18,121.06,32.371429,PM2.5,2086
16.930000,19.170000,3.300000,16.260000,0.140000,75.480003,-0.690000,-0.710000,299.279999,70.660004,93400.046875,23.16,121.2,24.185715,PM2.5,2087
13.130000,15.090000,2.170000,10.350000,0.110000,82.239998,-0.950000,-0.770000,301.690002,69.209999,98285.117188,23.14,121.35,18.757143,PM2.5,2088
20.410000,24.690001,7.460000,25.240000,0.190000,60.099998,1.220000,2.010000,301.299988,84.919998,100385.937500,23.44,120.21,31.549999,NO2,2222
20.770000,24.940001,8.160000,27.600000,0.200000,58.180000,0.600000,1.750000,301.839996,78.570000,100250.023438,23.42,120.36,34.500000,NO2,2223
21.260000,24.889999,8.260000,25.100000,0.180000,62.560001,0.600000,0.950000,300.369995,77.720001,97573.312500,23.4,120.5,31.375000,NO2,2224
21.680000,24.580000,7.720000,19.820000,0.160000,72.000000,1.100000,-0.420000,297.029999,78.879997,91678.710938,23.38,120.65,30.971430,PM2.5,2225
24.280001,26.740000,6.320000,18.610001,0.150000,72.510002,1.730000,-2.370000,292.230011,84.430000,83081.242188,23.36,120.79,34.685715,PM2.5,2226
26.209999,28.629999,6.020000,19.520000,0.150000,71.080002,2.530000,-3.350000,288.720001,77.290001,75581.976562,23.34,120.94,37.442856,PM2.5,2227
24.200001,26.469999,4.920000,19.620001,0.150000,73.790001,0.840000,-1.230000,291.329987,77.900002,79006.140625,23.32,121.08,34.571430,PM2.5,2228
18.290001,20.459999,3.520000,16.780001,0.140000,77.199997,-0.770000,-0.330000,297.839996,70.220001,90448.039062,23.3,121.23,26.128572,PM2.5,2229
13.860000,15.790000,2.280000,11.120000,0.120000,80.250000,-0.870000,-0.580000,301.029999,67.769997,96827.437500,23.28,121.37,19.799999,PM2.5,2230
19.959999,24.150000,6.720000,22.440001,0.190000,62.070000,1.270000,2.480000,301.529999,83.599998,100407.859375,23.57,120.23,28.514284,PM2.5,2367
20.430000,24.639999,7.520000,25.270000,0.190000,59.369999,0.670000,2.150000,301.989990,77.430000,100184.273438,23.55,120.38,31.587502,NO2,2368
20.809999,24.570000,7.930000,24.580000,0.180000,63.169998,0.720000,1.700000,300.660004,75.639999,97705.976562,23.53,120.52,30.725000,NO2,2369
23.820000,26.719999,7.430000,22.000000,0.160000,71.750000,0.970000,-0.020000,295.890015,80.589996,89478.289062,23.51,120.67,34.028572,PM2.5,2370
25.480000,27.889999,5.950000,20.590000,0.150000,71.070000,0.530000,-1.830000,290.630005,84.989998,80199.656250,23.49,120.81,36.399998,PM2.5,2371
27.309999,29.690001,5.790000,20.910000,0.150000,70.739998,2.390000,-2.150000,286.920013,76.849998,73390.007812,23.47,120.96,39.014286,PM2.5,2372
25.780001,28.059999,5.220000,20.370001,0.150000,73.860001,2.090000,-1.190000,289.720001,74.120003,76107.406250,23.45,121.1,36.828571,PM2.5,2373
20.190001,22.420000,4.100000,18.610001,0.150000,76.349998,-0.280000,0.300000,296.170013,71.070000,87145.046875,23.43,121.25,28.842857,PM2.5,2374
14.740000,16.700001,2.570000,12.120000,0.120000,80.550003,-0.710000,0.050000,300.429993,67.470001,95635.476562,23.41,121.39,21.057142,PM2.5,2375
20.010000,24.170000,6.360000,20.670000,0.190000,64.300003,1.300000,2.800000,301.670013,82.669998,100369.773438,23.7,120.25,28.585714,PM2.5,2512
20.520000,24.680000,7.120000,23.719999,0.190000,60.919998,0.770000,2.240000,301.959991,77.580002,100165.062500,23.68,120.4,29.650000,NO2,2513
20.320000,24.260000,7.680000,24.260000,0.180000,63.040001,1.030000,1.880000,301.290009,73.830002,98363.953125,23.66,120.55,30.325001,NO2,2514
23.480000,26.570000,7.520000,23.400000,0.170000,71.690002,1.090000,0.240000,297.730011,75.339996,92118.851562,23.64,120.69,33.542858,PM2.5,2515
24.520000,27.120001,5.970000,22.219999,0.160000,71.750000,0.670000,-0.650000,293.790009,77.050003,85360.367188,23.62,120.84,35.028572,PM2.5,2516
27.070000,29.480000,5.570000,21.280001,0.160000,71.089996,2.710000,-0.050000,289.769989,81.580002,79001.117188,23.6,120.98,38.671429,PM2.5,2517
26.870001,29.170000,5.270000,18.780001,0.150000,75.839996,4.530000,-0.970000,290.059998,72.610001,77636.242188,23.58,121.13,38.385715,PM2.5,2518
21.110001,23.320000,4.430000,17.150000,0.140000,75.180000,1.640000,0.260000,295.799988,65.940002,85604.453125,23.56,121.27,30.157145,PM2.5,2519
15.160000,17.129999,2.790000,11.110000,0.120000,79.320000,-0.710000,0.620000,300.559998,66.250000,95967.500000,23.54,121.42,21.657143,PM2.5,2520
21.719999,26.990000,8.310000,24.940001,0.190000,71.500000,0.770000,2.450000,301.720001,82.040001,100334.750000,23.82,120.42,31.175001,NO2,2658
19.920000,24.340000,8.090000,25.530001,0.190000,64.110001,1.000000,1.820000,301.820007,73.400002,99503.226562,23.8,120.57,31.912500,NO2,2659
21.100000,24.469999,7.280000,24.250000,0.180000,72.050003,0.800000,0.380000,300.649994,68.379997,96769.531250,23.78,120.71,30.312500,NO2,2660
22.049999,24.840000,5.670000,21.780001,0.170000,75.580002,0.420000,-0.350000,298.429993,66.129997,92674.718750,23.76,120.86,31.499998,PM2.5,2661
25.230000,27.520000,4.990000,18.320000,0.150000,78.029999,1.280000,0.060000,294.130005,71.879997,86073.351562,23.74,121.0,36.042858,PM2.5,2662
28.090000,30.219999,4.690000,15.460000,0.150000,82.010002,5.060000,-1.420000,290.640015,75.449997,80311.453125,23.72,121.15,40.128571,PM2.5,2663
22.520000,24.520000,4.190000,14.130000,0.140000,80.610001,4.110000,-0.720000,295.489990,63.320000,85201.882812,23.7,121.29,32.171429,PM2.5,2664
14.780000,16.629999,2.750000,9.630000,0.110000,80.919998,-0.340000,0.220000,301.350006,62.740002,96736.257812,23.67,121.44,21.114285,PM2.5,2665
20.719999,25.580000,8.390000,23.690001,0.190000,64.379997,0.860000,2.790000,301.899994,80.120003,100260.640625,23.95,120.44,29.612501,NO2,2804
19.540001,24.180000,7.940000,24.990000,0.190000,63.770000,0.430000,2.060000,302.119995,71.919998,99788.156250,23.93,120.59,31.237499,NO2,2805
21.480000,24.670000,6.440000,22.270000,0.180000,75.279999,0.350000,0.570000,301.470001,67.169998,98099.851562,23.91,120.73,30.685713,PM2.5,2806
22.090000,24.590000,4.900000,17.940001,0.160000,84.669998,-0.080000,-0.080000,299.850006,63.509998,94902.851562,23.89,120.88,31.557142,PM2.5,2807
26.139999,28.170000,4.220000,13.300000,0.140000,86.949997,0.540000,-0.210000,294.839996,71.190002,87400.453125,23.87,121.03,37.342857,PM2.5,2808
29.590000,31.580000,4.280000,12.270000,0.140000,87.290001,4.800000,-2.190000,289.470001,78.650002,78753.726562,23.85,121.17,42.271427,PM2.5,2809
24.549999,26.420000,4.120000,11.830000,0.130000,85.820000,4.000000,-1.460000,293.940002,66.220001,82777.343750,23.83,121.32,35.071426,PM2.5,2810
15.190000,16.900000,2.710000,7.720000,0.100000,86.589996,-0.600000,-0.130000,301.019989,63.509998,96244.906250,23.81,121.46,21.699999,PM2.5,2811
20.379999,25.070000,9.960000,23.920000,0.180000,64.019997,0.660000,2.820000,301.890015,79.050003,100364.507812,24.08,120.46,29.900000,NO2,2949
20.940001,25.900000,9.930000,27.219999,0.190000,62.740002,-0.030000,2.040000,301.910004,73.050003,99488.000000,24.06,120.61,34.024998,NO2,2950
22.700001,25.910000,7.120000,22.219999,0.170000,75.989998,-0.060000,1.260000,300.709991,69.870003,97056.882812,24.04,120.76,32.428574,PM2.5,2951
23.760000,26.320000,5.410000,17.600000,0.160000,84.519997,-0.170000,1.020000,298.760010,66.269997,93423.437500,24.02,120.9,33.942856,PM2.5,2952
27.280001,29.299999,4.580000,11.970000,0.140000,88.820000,0.110000,0.500000,294.239990,71.919998,86353.523438,24.0,121.05,38.971428,PM2.5,2953
30.389999,32.279999,4.600000,11.010000,0.140000,90.620003,3.730000,-1.300000,288.850006,78.760002,77841.039062,23.98,121.19,43.414284,PM2.5,2954
26.719999,28.570000,4.410000,10.720000,0.130000,88.550003,4.060000,-1.590000,291.950012,68.580002,79874.093750,23.96,121.34,38.171429,PM2.5,2955
17.870001,19.570000,3.200000,8.480000,0.110000,87.150002,-0.080000,0.390000,299.179993,64.129997,92602.390625,23.94,121.48,25.528572,PM2.5,2956
21.770000,26.709999,10.720000,28.120001,0.180000,63.090000,0.400000,2.750000,301.459991,75.879997,99155.296875,24.2,120.63,35.150002,NO2,3096
23.150000,26.270000,7.120000,21.110001,0.170000,77.449997,-0.160000,2.520000,300.149994,70.010002,95834.023438,24.18,120.78,33.071426,PM2.5,3097
25.830000,28.330000,5.780000,16.590000,0.160000,85.959999,-0.630000,1.760000,296.880005,70.400002,90401.773438,24.16,120.92,36.900002,PM2.5,3098
28.799999,30.790001,4.820000,10.710000,0.140000,89.089996,-0.510000,0.430000,293.079987,74.860001,84644.343750,24.14,121.07,41.142857,PM2.5,3099
31.139999,33.040001,4.740000,9.810000,0.130000,90.169998,2.890000,-0.870000,289.049988,81.889999,78875.632812,24.11,121.22,44.485714,PM2.5,3100
29.430000,31.250000,4.630000,9.690000,0.130000,89.730003,4.660000,-1.910000,290.019989,73.589996,77784.476562,24.09,121.36,42.042858,PM2.5,3101
21.910000,23.690001,3.730000,9.010000,0.120000,86.959999,0.960000,-0.110000,296.390015,67.540001,87404.210938,24.07,121.51,31.299999,PM2.5,3102
21.030001,25.889999,10.160000,26.629999,0.180000,65.470001,0.770000,3.890000,301.589996,75.860001,99308.273438,24.33,120.65,33.287498,NO2,3241
21.190001,25.670000,6.940000,20.700001,0.170000,74.830002,0.050000,3.450000,300.149994,69.199997,95549.273438,24.31,120.8,30.271429,PM2.5,3242
26.920000,29.540001,6.210000,16.910000,0.160000,83.629997,-0.250000,1.980000,295.709991,73.040001,88366.812500,24.29,120.95,38.457142,PM2.5,3243
29.860001,31.969999,5.610000,10.910000,0.140000,88.779999,0.490000,0.140000,291.529999,79.860001,82160.843750,24.27,121.09,42.657143,PM2.5,3244
31.700001,33.639999,5.350000,10.250000,0.140000,91.019997,3.120000,-1.090000,288.429993,82.019997,77369.187500,24.25,121.24,45.285717,PM2.5,3245
30.870001,32.810001,5.050000,10.140000,0.140000,87.889999,3.920000,-1.410000,288.859985,76.529999,76064.093750,24.23,121.38,44.100002,PM2.5,3246
25.090000,27.000000,4.570000,9.470000,0.130000,88.370003,0.700000,-0.570000,294.769989,70.400002,84716.476562,24.21,121.53,35.842857,PM2.5,3247
16.540001,18.450001,2.330000,4.500000,0.100000,108.800003,-0.790000,0.960000,300.559998,68.129997,96730.117188,24.19,121.68,23.628572,PM2.5,3248
19.510000,24.139999,9.450000,23.660000,0.180000,69.070000,1.540000,4.520000,302.250000,73.570000,100014.093750,24.46,120.67,29.575001,NO2,3387
20.840000,24.840000,7.200000,20.290001,0.170000,76.070000,0.880000,3.940000,301.059998,66.589996,96523.718750,24.44,120.82,29.771429,PM2.5,3388
26.770000,29.490000,6.910000,17.809999,0.160000,82.959999,0.420000,2.740000,296.079987,72.239998,88439.648438,24.42,120.97,38.242859,PM2.5,3389
31.010000,33.340000,7.010000,13.120000,0.140000,85.059998,1.520000,1.250000,289.989990,85.459999,79731.781250,24.4,121.11,44.299999,PM2.5,3390
32.290001,34.570000,6.810000,12.730000,0.140000,85.410004,4.470000,0.350000,287.170013,84.220001,75066.453125,24.38,121.26,46.128574,PM2.5,3391
30.620001,32.810001,6.780000,12.770000,0.140000,85.839996,3.950000,-0.350000,289.760010,73.820000,76782.750000,24.36,121.41,43.742859,PM2.5,3392
27.639999,29.799999,6.240000,11.550000,0.140000,86.970001,0.510000,-0.930000,294.290009,71.089996,83993.453125,24.34,121.55,39.485714,PM2.5,3393
21.320000,23.330000,4.200000,8.170000,0.120000,93.570000,-0.380000,0.710000,299.119995,67.279999,93418.523438,24.32,121.7,30.457142,PM2.5,3394
18.629999,22.530001,6.990000,18.059999,0.160000,77.150002,2.600000,4.180000,302.170013,67.080002,98733.953125,24.58,120.84,26.614285,PM2.5,3533
23.719999,26.620001,6.720000,17.100000,0.160000,80.519997,2.080000,3.660000,298.869995,66.879997,92476.328125,24.55,120.99,33.885712,PM2.5,3534
28.200001,30.740000,6.800000,14.220000,0.140000,81.599998,3.450000,3.040000,292.709991,78.389999,83148.617188,24.53,121.14,40.285717,PM2.5,3535
29.790001,32.259998,6.840000,13.990000,0.140000,81.580002,5.810000,1.820000,290.489990,78.610001,78996.671875,24.51,121.28,42.557144,PM2.5,3536
28.219999,30.510000,7.120000,14.270000,0.150000,83.339996,5.000000,-0.140000,293.829987,66.639999,82452.476562,24.49,121.43,40.314285,PM2.5,3537
27.440001,29.770000,6.640000,12.060000,0.150000,85.830002,1.470000,-1.450000,296.119995,66.150002,86469.296875,24.47,121.58,39.200001,PM2.5,3538
23.610001,25.750000,4.800000,8.240000,0.130000,93.669998,-0.430000,-0.050000,298.589996,69.209999,92100.328125,24.45,121.72,33.728573,PM2.5,3539
17.719999,21.490000,6.760000,15.930000,0.160000,79.349998,3.990000,4.720000,302.619995,70.260002,100169.843750,24.71,120.87,25.314285,PM2.5,3677
20.059999,23.219999,6.600000,15.540000,0.160000,81.559998,3.880000,3.750000,302.119995,62.459999,97745.671875,24.69,121.01,28.657143,PM2.5,3678
23.590000,26.450001,6.710000,14.820000,0.150000,80.720001,4.640000,3.280000,298.559998,66.120003,91770.367188,24.67,121.16,33.700001,PM2.5,3679
25.959999,28.420000,6.970000,14.500000,0.150000,82.599998,6.350000,1.570000,295.959991,68.639999,87277.867188,24.65,121.31,37.085712,PM2.5,3680
25.990000,28.350000,7.310000,14.960000,0.150000,83.300003,6.440000,-0.600000,297.040009,63.630001,88137.078125,24.63,121.45,37.128571,PM2.5,3681
25.590000,28.010000,7.310000,13.340000,0.150000,85.889999,3.370000,-1.060000,299.190002,61.080002,91457.726562,24.61,121.6,36.557144,PM2.5,3682
23.400000,25.820000,5.490000,8.300000,0.140000,95.459999,-0.060000,-0.210000,300.700012,65.379997,95272.273438,24.58,121.74,33.428570,PM2.5,3683
18.350000,22.100000,6.510000,14.460000,0.160000,82.620003,5.200000,3.540000,302.459991,69.589996,99742.250000,24.82,121.03,26.214287,PM2.5,3822
20.770000,24.250000,7.200000,15.520000,0.160000,80.699997,5.210000,2.740000,301.489990,65.750000,97451.539062,24.8,121.18,29.671429,PM2.5,3823
23.799999,27.180000,7.910000,16.549999,0.160000,79.449997,6.220000,1.840000,299.119995,68.269997,93583.750000,24.78,121.33,34.000000,PM2.5,3824
24.910000,27.680000,8.200000,15.810000,0.160000,83.099998,7.390000,0.100000,298.279999,66.699997,91471.539062,24.76,121.47,35.585712,PM2.5,3825
24.240000,26.969999,8.420000,15.470000,0.160000,83.690002,5.660000,-0.980000,300.779999,60.080002,94492.906250,24.74,121.62,34.628571,PM2.5,3826
22.620001,25.590000,6.760000,10.860000,0.150000,89.769997,1.190000,-0.210000,302.820007,60.509998,98773.156250,24.72,121.77,32.314285,PM2.5,3827
18.379999,22.430000,6.540000,12.740000,0.160000,85.449997,5.460000,4.250000,302.079987,75.550003,99878.937500,24.95,121.06,26.257141,PM2.5,3963
20.799999,24.760000,7.970000,15.280000,0.160000,82.690002,5.620000,2.930000,302.059998,70.180000,99058.492188,24.93,121.2,29.714285,PM2.5,3964
23.270000,27.400000,9.670000,18.490000,0.160000,79.400002,6.050000,2.040000,301.329987,69.040001,97743.070312,24.91,121.35,33.242859,PM2.5,3965
25.559999,29.650000,10.490000,19.370001,0.170000,78.669998,6.990000,0.960000,300.109985,70.239998,95833.187500,24.89,121.5,36.514286,PM2.5,3966
26.160000,30.219999,10.910000,19.280001,0.170000,78.720001,7.800000,-0.800000,300.309998,67.940002,95644.781250,24.87,121.64,37.371429,PM2.5,3967
24.910000,28.830000,10.020000,17.230000,0.170000,80.650002,5.620000,-0.750000,302.329987,62.730000,98269.562500,24.85,121.79,35.585712,PM2.5,3968
20.129999,24.700001,8.680000,17.059999,0.160000,83.019997,6.040000,3.480000,302.040009,75.599998,99757.593750,25.07,121.23,28.757141,PM2.5,4106
24.020000,28.879999,11.260000,20.629999,0.170000,79.830002,5.710000,1.950000,301.630005,73.970001,98984.132812,25.05,121.37,34.314285,PM2.5,4107
25.549999,29.770000,11.690000,19.370001,0.170000,85.510002,5.740000,0.890000,301.570007,69.190002,97995.226562,25.03,121.52,36.500000,PM2.5,4108
27.660000,32.439999,13.660000,22.010000,0.170000,80.480003,6.830000,0.020000,300.660004,71.080002,96780.523438,25.01,121.67,39.514286,PM2.5,4109
27.360001,31.889999,12.720000,19.910000,0.170000,81.459999,7.120000,-0.800000,301.200012,68.349998,97211.593750,24.98,121.81,39.085716,PM2.5,4110
25.750000,31.760000,13.820000,22.700001,0.170000,80.879997,7.170000,1.990000,300.390015,80.449997,97741.359375,25.16,121.54,36.785713,PM2.5,4250
26.580000,32.310001,14.790000,23.600000,0.170000,79.419998,7.670000,1.300000,301.029999,74.959999,98097.343750,25.14,121.69,37.971428,PM2.5,4251
26.110001,31.510000,13.770000,21.450001,0.170000,81.529999,7.680000,0.190000,301.820007,69.849998,98746.132812,25.12,121.84,37.299999,PM2.5,4252
21.870001,28.540001,9.710000,16.160000,0.160000,92.489998,8.440000,3.480000,301.149994,83.570000,99173.421875,25.29,121.57,31.242859,PM2.5,4391
1.770000,2.930000,1.680000,4.190000,0.080000,37.770000,-3.920000,1.180000,300.019989,82.750000,100400.359375,22.01,120.72,5.237500,NO2,953
2.420000,3.760000,1.640000,7.390000,0.090000,36.279999,-4.080000,0.470000,298.760010,85.779999,98744.343750,22.14,120.74,9.237500,NO2,1059
2.990000,4.440000,1.510000,8.750000,0.090000,34.430000,-4.450000,-0.090000,297.339996,87.870003,96593.281250,22.28,120.76,10.937500,NO2,1177
2.960000,4.620000,1.710000,8.590000,0.100000,35.610001,-3.700000,4.070000,301.510010,71.040001,101163.773438,22.45,120.5,10.737500,NO2,1297
3.500000,5.000000,1.690000,10.720000,0.100000,32.639999,-5.040000,1.800000,298.760010,76.089996,96890.101562,22.43,120.64,13.400001,NO2,1298
4.000000,5.410000,1.440000,10.940000,0.100000,32.299999,-4.090000,-0.280000,295.839996,88.019997,93828.492188,22.41,120.79,13.674999,NO2,1299
4.470000,6.780000,4.390000,13.700000,0.100000,33.160000,-2.150000,5.160000,301.089996,73.129997,100936.039062,22.6,120.38,17.125000,NO2,1421
4.380000,6.250000,3.080000,14.090000,0.110000,30.809999,-2.680000,3.620000,301.619995,67.169998,100616.046875,22.58,120.52,17.612499,NO2,1422
4.730000,6.250000,1.890000,14.000000,0.120000,29.660000,-4.550000,1.380000,298.320007,73.040001,95245.382812,22.56,120.66,17.500000,NO2,1423
5.910000,7.400000,1.460000,15.110000,0.130000,27.820000,-3.550000,-0.270000,294.850006,86.599998,91543.039062,22.54,120.81,18.887499,NO2,1424
5.170000,6.650000,1.380000,11.270000,0.110000,33.709999,-0.930000,-0.040000,297.429993,82.440002,96425.343750,22.52,120.95,14.087501,NO2,1425
5.000000,7.700000,5.430000,14.950000,0.100000,33.779999,-1.910000,5.740000,301.019989,74.290001,100935.906250,22.75,120.25,18.687500,NO2,1548
5.920000,8.560000,6.270000,18.540001,0.120000,29.180000,-1.200000,4.630000,301.459991,68.989998,101078.257812,22.73,120.4,23.175001,NO2,1549
5.250000,7.200000,3.690000,16.879999,0.120000,30.780001,-1.830000,2.920000,301.489990,65.269997,99946.179688,22.71,120.54,21.099998,NO2,1550
5.690000,7.260000,2.150000,16.080000,0.130000,30.490000,-3.240000,1.080000,297.279999,74.260002,93244.476562,22.69,120.68,20.100000,NO2,1551
7.000000,8.510000,1.460000,17.180000,0.140000,27.120001,-2.760000,0.050000,293.239990,87.879997,88240.773438,22.67,120.83,21.475000,NO2,1552
6.700000,8.440000,1.260000,15.350000,0.130000,30.490000,-0.840000,0.380000,295.820007,84.110001,93223.750000,22.65,120.97,19.187500,NO2,1553
5.740000,8.550000,5.850000,17.320000,0.110000,31.930000,-0.930000,5.270000,300.989990,72.110001,100828.921875,22.88,120.27,21.650000,NO2,1676
6.370000,8.940000,5.970000,19.830000,0.130000,29.490000,-0.500000,4.210000,301.440002,67.360001,100798.703125,22.87,120.42,24.787500,NO2,1677
5.740000,7.580000,3.640000,18.049999,0.130000,33.599998,-1.500000,2.250000,300.970001,64.970001,98996.343750,22.85,120.56,22.562500,NO2,1678
6.650000,8.140000,2.600000,17.570000,0.140000,34.720001,-2.620000,1.010000,296.149994,76.610001,91481.046875,22.83,120.71,21.962500,NO2,1679
7.610000,8.840000,1.890000,18.010000,0.140000,30.980000,-2.020000,0.440000,291.880005,90.000000,85803.570312,22.81,120.85,22.512501,NO2,1680
6.930000,8.430000,1.380000,16.200001,0.130000,30.330000,-0.480000,0.750000,294.589996,84.419998,90588.203125,22.79,120.99,20.250000,NO2,1681
3.970000,5.250000,1.180000,10.230000,0.110000,37.820000,0.470000,1.930000,299.529999,73.400002,99120.328125,22.77,121.14,12.787499,NO2,1682
4.710000,7.690000,3.890000,13.930000,0.110000,37.759998,-1.010000,6.100000,301.059998,76.199997,101061.812500,23.04,120.15,17.412500,NO2,1808
6.160000,9.010000,5.820000,18.870001,0.120000,31.510000,-0.150000,5.000000,301.100006,70.769997,100819.546875,23.02,120.29,23.587502,NO2,1809
6.800000,9.310000,5.700000,21.190001,0.130000,30.370001,-0.040000,3.640000,301.059998,67.379997,100311.562500,23.0,120.44,26.487501,NO2,1810
6.220000,7.950000,3.750000,18.940001,0.140000,35.970001,-1.240000,1.860000,300.190002,65.139999,97624.757812,22.98,120.58,23.675001,NO2,1811
7.750000,9.180000,2.880000,18.990000,0.140000,36.820000,-2.460000,1.200000,295.339996,76.739998,89959.070312,22.96,120.73,23.737499,NO2,1812
8.340000,9.510000,2.140000,19.100000,0.140000,31.760000,-1.830000,0.940000,290.739990,90.139999,83574.203125,22.94,120.87,23.875000,NO2,1813
7.480000,8.820000,1.630000,16.070000,0.130000,31.420000,-0.350000,1.020000,293.029999,86.139999,87559.117188,22.92,121.02,20.087500,NO2,1814
4.330000,5.550000,1.250000,11.170000,0.110000,36.740002,0.250000,2.160000,298.649994,73.699997,97140.093750,22.9,121.16,13.962500,NO2,1815
5.630000,8.760000,4.730000,16.690001,0.120000,35.730000,-0.370000,5.440000,300.980011,74.900002,101068.203125,23.17,120.17,20.862501,NO2,1942
6.680000,9.580000,5.720000,20.330000,0.130000,31.930000,0.270000,4.600000,300.940002,70.910004,100667.031250,23.15,120.32,25.412500,NO2,1943
7.260000,9.700000,5.470000,22.110001,0.140000,32.130001,0.400000,3.120000,300.239990,69.010002,99264.523438,23.13,120.46,27.637501,NO2,1944
6.860000,8.560000,4.210000,19.020000,0.140000,39.279999,-0.510000,1.620000,299.140015,66.550003,95958.617188,23.11,120.6,23.775002,NO2,1945
9.050000,10.440000,3.350000,18.620001,0.140000,38.619999,-1.470000,1.520000,293.869995,78.269997,87213.476562,23.09,120.75,23.275002,NO2,1946
10.270000,11.430000,2.700000,19.900000,0.140000,32.340000,-1.190000,1.690000,288.470001,92.410004,79392.953125,23.07,120.89,24.875000,NO2,1947
9.460000,10.850000,1.870000,17.389999,0.140000,33.610001,-0.220000,1.310000,291.250000,89.220001,84451.890625,23.05,121.04,21.737499,NO2,1948
4.940000,6.250000,1.330000,12.790000,0.120000,36.830002,-0.070000,2.050000,298.019989,74.019997,95869.773438,23.03,121.18,15.987500,NO2,1949
6.140000,9.340000,4.910000,18.240000,0.120000,35.090000,0.180000,5.040000,300.980011,74.120003,101101.898438,23.3,120.19,22.799999,NO2,2080
7.330000,10.300000,5.750000,21.969999,0.140000,32.580002,0.440000,4.150000,300.809998,70.660004,100488.109375,23.28,120.34,27.462500,NO2,2081
7.700000,10.110000,5.430000,22.370001,0.150000,34.549999,0.430000,2.850000,299.649994,69.540001,98231.343750,23.26,120.48,27.962502,NO2,2082
7.350000,9.040000,4.400000,19.080000,0.140000,40.240002,-0.310000,1.480000,298.239990,67.430000,94632.179688,23.24,120.63,23.850000,NO2,2083
9.190000,10.570000,3.310000,18.309999,0.140000,39.209999,-0.930000,1.550000,293.279999,77.629997,86221.929688,23.22,120.77,22.887499,NO2,2084
11.530000,12.730000,2.940000,20.410000,0.150000,32.560001,-0.800000,1.700000,287.700012,92.559998,78022.578125,23.2,120.92,25.512501,NO2,2085
10.550000,11.940000,2.000000,18.770000,0.150000,33.730000,-0.020000,1.680000,290.239990,89.440002,82626.242188,23.18,121.06,23.462502,NO2,2086
6.000000,7.400000,1.380000,14.660000,0.130000,35.070000,0.180000,2.230000,297.040009,74.599998,94201.046875,23.16,121.2,18.325001,NO2,2087
3.570000,4.900000,1.190000,8.990000,0.110000,43.669998,0.040000,3.080000,299.690002,74.379997,99171.007812,23.14,121.35,11.237499,NO2,2088
6.420000,9.640000,4.750000,19.040001,0.130000,35.490002,0.610000,4.700000,300.929993,74.010002,101118.023438,23.44,120.21,23.800001,NO2,2222
7.970000,11.030000,5.840000,23.660000,0.150000,33.439999,0.610000,3.340000,301.059998,69.540001,100985.343750,23.42,120.36,29.575001,NO2,2223
8.100000,10.480000,5.530000,22.799999,0.150000,36.919998,0.360000,2.370000,299.859985,67.690002,98278.882812,23.4,120.5,28.500000,NO2,2224
7.980000,9.720000,4.670000,19.139999,0.140000,41.040001,-0.300000,2.140000,296.799988,70.230003,92327.757812,23.38,120.65,23.924999,NO2,2225
9.810000,11.340000,3.830000,18.389999,0.140000,39.360001,-0.710000,2.580000,291.649994,79.769997,83654.820312,23.36,120.79,22.987499,NO2,2226
12.080000,13.480000,3.500000,19.510000,0.150000,35.799999,-0.050000,2.590000,286.470001,93.699997,76082.539062,23.34,120.94,24.387501,NO2,2227
11.360000,12.760000,2.320000,19.309999,0.150000,34.570000,0.670000,2.650000,288.579987,91.120003,79563.710938,23.32,121.08,24.137499,NO2,2228
7.340000,8.790000,1.590000,16.580000,0.140000,34.830002,0.570000,2.600000,295.299988,77.529999,91194.070312,23.3,121.23,20.725000,NO2,2229
4.290000,5.650000,1.230000,11.050000,0.120000,39.500000,0.340000,3.100000,298.730011,74.650002,97683.773438,23.28,121.37,13.812500,NO2,2230
6.650000,9.810000,4.520000,18.420000,0.130000,37.450001,0.700000,4.330000,300.980011,73.360001,101148.453125,23.57,120.23,23.025000,NO2,2367
8.310000,11.310000,5.600000,23.340000,0.150000,35.490002,0.540000,2.550000,300.959991,69.580002,100929.312500,23.55,120.38,29.174999,NO2,2368
8.720000,11.200000,5.740000,23.660000,0.160000,39.139999,0.750000,1.910000,299.890015,67.169998,98421.007812,23.53,120.52,29.575001,NO2,2369
9.420000,11.340000,5.010000,20.809999,0.150000,41.630001,0.520000,2.810000,295.309998,74.500000,90103.796875,23.51,120.67,26.012499,NO2,2370
11.770000,13.490000,4.160000,19.639999,0.150000,40.349998,-0.010000,3.720000,289.809998,84.300003,80729.906250,23.49,120.81,24.549999,NO2,2371
13.100000,14.600000,3.650000,20.260000,0.150000,37.000000,0.310000,3.300000,285.429993,91.720001,73848.570312,23.47,120.96,25.325001,NO2,2372
12.420000,13.810000,2.560000,20.280001,0.150000,35.270000,0.370000,3.150000,286.980011,92.150002,76613.257812,23.45,121.1,25.350000,NO2,2373
8.860000,10.300000,1.820000,18.030001,0.140000,35.259998,0.660000,2.840000,293.390015,80.279999,87833.140625,23.43,121.25,22.537500,NO2,2374
4.950000,6.340000,1.320000,12.700000,0.120000,37.779999,0.740000,3.540000,298.209991,72.930000,96463.656250,23.41,121.39,15.875000,NO2,2375
7.030000,10.190000,4.530000,18.590000,0.130000,38.860001,0.570000,3.730000,300.899994,73.339996,101118.898438,23.7,120.25,23.237499,NO2,2512
8.720000,11.720000,5.680000,23.639999,0.150000,38.139999,0.170000,1.760000,300.850006,69.269997,100917.359375,23.68,120.4,29.549999,NO2,2513
9.370000,12.110000,6.250000,25.590000,0.170000,40.250000,0.470000,1.000000,300.140015,66.419998,99094.718750,23.66,120.55,31.987499,NO2,2514
10.270000,12.610000,5.510000,23.860001,0.170000,42.580002,0.970000,1.110000,296.790009,70.940002,92774.929688,23.64,120.69,29.825001,NO2,2515
11.180000,13.220000,4.350000,22.450001,0.170000,41.040001,0.980000,1.150000,293.089996,76.330002,85941.000000,23.62,120.84,28.062500,NO2,2516
12.840000,14.440000,3.490000,21.219999,0.160000,39.070000,0.490000,1.430000,289.299988,83.199997,79519.429688,23.6,120.98,26.525000,NO2,2517
13.200000,14.530000,2.700000,18.719999,0.150000,40.000000,-0.200000,2.510000,287.980011,89.309998,78160.320312,23.58,121.13,23.400000,NO2,2518
9.820000,11.180000,1.970000,16.969999,0.140000,36.830002,0.220000,2.680000,292.529999,81.529999,86269.843750,23.56,121.27,21.212500,NO2,2519
5.270000,6.640000,1.390000,12.230000,0.120000,38.830002,0.270000,3.110000,298.640015,70.389999,96797.679688,23.54,121.42,15.287499,NO2,2520
12.120000,16.320000,8.320000,29.950001,0.180000,48.830002,-0.190000,1.410000,300.869995,70.379997,101091.656250,23.82,120.42,37.437500,NO2,2658
11.770000,15.380000,7.750000,30.680000,0.190000,43.439999,-0.260000,0.320000,300.549988,64.760002,100251.593750,23.8,120.57,38.349998,NO2,2659
11.070000,13.990000,5.980000,27.219999,0.180000,43.669998,-0.270000,-0.420000,299.399994,63.820000,97483.601562,23.78,120.71,34.024998,NO2,2660
10.200000,12.440000,4.150000,23.570000,0.170000,43.820000,0.100000,-0.910000,297.209991,65.580002,93339.390625,23.76,120.86,29.462500,NO2,2661
10.420000,12.020000,3.190000,19.240000,0.150000,44.380001,-0.320000,-0.030000,293.600006,72.400002,86663.187500,23.74,121.0,24.049999,NO2,2662
11.530000,12.810000,2.580000,16.120001,0.140000,44.119999,-0.710000,1.550000,289.519989,85.680000,80870.351562,23.72,121.15,20.150002,NO2,2663
10.320000,11.660000,2.090000,15.720000,0.140000,39.560001,-0.070000,1.920000,292.220001,82.739998,85865.523438,23.7,121.29,19.650000,NO2,2664
5.590000,6.950000,1.440000,10.970000,0.120000,42.130001,-0.270000,1.960000,299.019989,69.930000,97585.093750,23.67,121.44,13.712501,NO2,2665
12.840000,17.250000,9.970000,31.889999,0.180000,38.430000,-0.090000,1.520000,300.440002,70.860001,101024.843750,23.95,120.44,39.862499,NO2,2804
13.070000,17.250000,9.380000,32.180000,0.190000,41.520000,0.020000,0.160000,300.500000,65.559998,100546.632812,23.93,120.59,40.224998,NO2,2805
11.020000,14.080000,6.320000,27.940001,0.180000,42.369999,0.170000,-0.700000,300.119995,61.799999,98832.382812,23.91,120.73,34.924999,NO2,2806
8.810000,10.840000,3.760000,21.889999,0.160000,43.389999,0.020000,-0.480000,298.760010,60.730000,95593.453125,23.89,120.88,27.362499,NO2,2807
9.510000,11.000000,2.810000,17.639999,0.140000,40.869999,-0.820000,0.280000,294.420013,68.879997,88004.367188,23.87,121.03,22.049999,NO2,2808
11.540000,12.790000,2.520000,15.420000,0.140000,40.189999,-0.430000,1.520000,288.309998,89.029999,79295.078125,23.85,121.17,19.275000,NO2,2809
11.090000,12.390000,2.350000,15.380000,0.140000,40.290001,0.330000,1.830000,290.739990,87.339996,83403.890625,23.83,121.32,19.225000,NO2,2810
6.460000,7.810000,1.710000,10.970000,0.120000,45.250000,-0.130000,1.520000,298.500000,72.650002,97089.242188,23.81,121.46,13.712501,NO2,2811
13.840000,18.549999,14.260000,34.630001,0.180000,35.430000,0.050000,1.580000,300.420013,70.070000,101136.773438,24.08,120.46,43.287502,NO2,2949
16.170000,21.650000,15.330000,38.000000,0.200000,36.110001,0.090000,0.190000,300.390015,65.400002,100246.882812,24.06,120.61,47.500000,NO2,2950
11.500000,14.820000,8.160000,29.940001,0.180000,37.349998,-0.040000,-0.460000,299.649994,62.060001,97778.367188,24.04,120.76,37.424999,NO2,2951
8.970000,11.030000,4.380000,22.629999,0.160000,37.349998,-0.370000,-0.190000,297.869995,61.810001,94099.343750,24.02,120.9,28.287498,NO2,2952
8.420000,9.710000,2.750000,16.049999,0.130000,35.169998,-0.810000,1.030000,293.720001,69.360001,86953.796875,24.0,121.05,20.062500,NO2,2953
10.080000,11.170000,2.480000,14.360000,0.130000,37.200001,0.240000,2.240000,287.790009,87.709999,78367.000000,23.98,121.19,17.949999,NO2,2954
11.500000,12.700000,2.530000,14.870000,0.130000,40.049999,0.970000,2.160000,289.019989,91.349998,80455.242188,23.96,121.34,18.587500,NO2,2955
7.800000,9.090000,1.920000,11.170000,0.120000,45.580002,0.070000,2.140000,296.230011,79.599998,93386.796875,23.94,121.48,13.962500,NO2,2956
16.320000,21.709999,15.860000,38.990002,0.200000,34.849998,-0.080000,0.970000,300.320007,64.970001,99912.382812,24.2,120.63,48.737503,NO2,3096
10.620000,13.600000,7.640000,28.940001,0.170000,35.500000,-0.630000,0.800000,299.100006,61.790001,96548.578125,24.18,120.78,36.174999,NO2,3097
9.100000,11.010000,4.490000,22.000000,0.150000,33.750000,-1.140000,0.790000,295.929993,65.820000,91052.250000,24.16,120.92,27.500000,NO2,3098
7.850000,8.930000,2.470000,13.970000,0.120000,32.570000,-1.310000,1.420000,292.369995,72.389999,85235.593750,24.14,121.07,17.462500,NO2,3099
8.890000,9.850000,2.140000,12.980000,0.120000,33.580002,0.490000,2.000000,288.309998,83.959999,79414.882812,24.11,121.22,16.224998,NO2,3100
10.210000,11.250000,2.190000,13.120000,0.120000,37.049999,1.980000,2.060000,287.769989,90.730003,78330.406250,24.09,121.36,16.400000,NO2,3101
9.840000,11.050000,1.940000,11.370000,0.120000,44.560001,0.550000,2.820000,293.309998,86.959999,88096.140625,24.07,121.51,14.212500,NO2,3102
15.800000,20.980000,15.150000,38.290001,0.200000,35.630001,0.280000,1.580000,300.529999,64.570000,100075.781250,24.33,120.65,47.862503,NO2,3241
10.510000,13.550000,7.760000,28.740000,0.170000,35.330002,-0.290000,1.760000,299.019989,62.099998,96269.539062,24.31,120.8,35.924999,NO2,3242
9.350000,11.230000,4.660000,21.459999,0.150000,32.060001,-1.430000,2.360000,294.799988,67.870003,88998.710938,24.29,120.95,26.824999,NO2,3243
7.490000,8.480000,2.590000,13.130000,0.120000,30.090000,-1.960000,2.590000,290.700012,76.160004,82731.726562,24.27,121.09,16.412500,NO2,3244
8.360000,9.210000,2.110000,12.310000,0.120000,31.940001,0.620000,2.410000,287.100006,87.489998,77900.718750,24.25,121.24,15.387501,NO2,3245
9.600000,10.560000,2.090000,12.330000,0.120000,34.590000,2.980000,2.650000,286.750000,88.879997,76579.070312,24.23,121.38,15.412500,NO2,3246
10.780000,11.910000,2.200000,11.190000,0.120000,45.709999,0.600000,2.550000,292.019989,88.000000,85353.546875,24.21,121.53,15.400000,PM2.5,3247
4.640000,6.300000,1.410000,4.830000,0.100000,58.029999,-0.630000,3.220000,298.679993,80.330002,97566.117188,24.19,121.68,6.628571,PM2.5,3248
15.360000,20.510000,14.510000,37.639999,0.200000,36.119999,0.510000,1.580000,300.760010,64.910004,100805.156250,24.46,120.67,47.049999,NO2,3387
11.440000,14.900000,9.140000,30.260000,0.180000,36.470001,0.570000,1.480000,299.440002,62.889999,97271.617188,24.44,120.82,37.825001,NO2,3388
10.390000,12.620000,6.150000,23.100000,0.150000,34.619999,0.040000,2.570000,294.869995,69.690002,89077.843750,24.42,120.97,28.875000,NO2,3389
8.390000,9.640000,3.800000,14.780000,0.120000,29.850000,-0.750000,4.630000,289.269989,79.320000,80269.523438,24.4,121.11,18.475000,NO2,3390
9.360000,10.400000,2.950000,13.570000,0.120000,30.830000,1.390000,5.080000,285.679993,86.949997,75560.023438,24.38,121.26,16.962500,NO2,3391
11.240000,12.440000,3.760000,14.160000,0.130000,38.150002,2.510000,2.780000,287.649994,83.650002,77307.242188,24.36,121.41,17.700001,NO2,3392
13.240000,14.470000,4.200000,12.900000,0.130000,49.270000,0.090000,1.590000,291.589996,87.389999,84613.750000,24.34,121.55,18.914286,PM2.5,3393
8.410000,9.920000,2.830000,6.840000,0.110000,58.820000,-0.260000,2.870000,296.369995,84.589996,94202.750000,24.32,121.7,12.014285,PM2.5,3394
12.580000,16.549999,10.230000,31.170000,0.190000,38.889999,0.560000,0.770000,300.200012,64.680000,99528.203125,24.58,120.84,38.962502,NO2,3533
13.020000,16.150000,8.410000,26.559999,0.170000,40.509998,1.060000,1.180000,296.829987,69.320000,93183.679688,24.55,120.99,33.200001,NO2,3534
11.760000,13.790000,5.880000,19.370001,0.140000,36.230000,1.320000,3.100000,291.519989,78.889999,83731.226562,24.53,121.14,24.212502,NO2,3535
11.700000,13.300000,4.860000,17.020000,0.130000,35.619999,0.990000,3.920000,289.200012,80.470001,79544.476562,24.51,121.28,21.275002,NO2,3536
13.980000,15.870000,6.450000,17.590000,0.140000,44.419998,0.110000,1.030000,291.140015,81.269997,83075.046875,24.49,121.43,21.987499,NO2,3537
14.880000,16.889999,6.680000,14.630000,0.140000,53.160000,-0.410000,0.770000,293.049988,83.500000,87147.367188,24.47,121.58,21.257143,PM2.5,3538
10.230000,12.150000,4.260000,7.980000,0.120000,61.830002,-0.140000,2.610000,295.920013,83.349998,92865.289062,24.45,121.72,14.614285,PM2.5,3539
14.120000,18.580000,11.690000,32.720001,0.190000,40.340000,0.100000,0.590000,300.630005,66.269997,100992.656250,24.71,120.87,40.900002,NO2,3677
14.400000,18.260000,10.780000,27.780001,0.180000,47.709999,0.510000,0.370000,299.809998,64.629997,98545.046875,24.69,121.01,34.725002,NO2,3678
15.520000,18.959999,10.240000,24.559999,0.170000,48.669998,0.660000,0.200000,296.420013,71.949997,92484.726562,24.67,121.16,30.699999,NO2,3679
16.200001,19.260000,9.970000,23.070000,0.160000,48.770000,0.020000,0.440000,293.690002,79.129997,87945.187500,24.65,121.31,28.837500,NO2,3680
18.020000,21.450001,11.550000,23.980000,0.160000,49.869999,-0.040000,0.080000,293.850006,80.540001,88846.500000,24.63,121.45,29.974998,NO2,3681
16.740000,20.059999,11.010000,19.670000,0.160000,56.430000,0.430000,0.080000,295.980011,76.660004,92223.867188,24.61,121.6,24.587500,NO2,3682
11.030000,13.660000,6.490000,10.290000,0.130000,66.480003,0.090000,1.800000,298.269989,73.680000,96089.937500,24.58,121.74,15.757142,PM2.5,3683
21.180000,26.799999,16.389999,35.889999,0.210000,50.849998,-0.290000,0.280000,300.179993,67.980003,100572.640625,24.82,121.03,44.862499,NO2,3822
19.260000,24.410000,16.719999,31.370001,0.180000,52.169998,-0.040000,-0.040000,299.519989,67.370003,98253.710938,24.8,121.18,39.212502,NO2,3823
19.490000,24.340000,16.959999,29.969999,0.180000,51.689999,-0.220000,0.130000,297.390015,72.550003,94336.773438,24.78,121.33,37.462498,NO2,3824
20.420000,24.940001,16.150000,27.610001,0.170000,53.439999,-0.020000,0.560000,295.899994,77.529999,92220.289062,24.76,121.47,34.512501,NO2,3825
18.059999,22.299999,14.160000,22.190001,0.160000,60.439999,0.500000,-0.190000,297.700012,74.190002,95312.523438,24.74,121.62,27.737501,NO2,3826
12.980000,16.650000,9.620000,14.020000,0.140000,69.459999,-0.080000,0.840000,300.309998,69.059998,99651.687500,24.72,121.77,18.542856,PM2.5,3827
27.780001,34.720001,21.700001,42.200001,0.220000,50.790001,-0.450000,0.620000,299.739990,71.820000,100714.078125,24.95,121.06,52.750000,NO2,3963
24.860001,31.940001,23.820000,41.200001,0.200000,45.119999,0.040000,0.430000,299.799988,70.650002,99891.843750,24.93,121.2,51.500000,NO2,3964
21.389999,27.780001,22.360001,35.959999,0.180000,48.380001,0.130000,0.610000,299.679993,69.279999,98562.046875,24.91,121.35,44.949997,NO2,3965
20.780001,26.480000,20.020000,30.700001,0.170000,53.349998,-0.180000,1.240000,298.540009,72.370003,96634.492188,24.89,121.5,38.375000,NO2,3966
19.530001,24.760000,17.059999,24.120001,0.160000,61.139999,-0.240000,0.550000,298.109985,76.320000,96468.703125,24.87,121.64,30.150002,NO2,3967
14.750000,19.170000,11.640000,15.860000,0.140000,70.510002,-0.680000,0.680000,299.700012,75.010002,99147.296875,24.85,121.79,21.071428,PM2.5,3968
26.980000,35.490002,30.410000,51.619999,0.200000,33.810001,0.130000,0.690000,300.010010,72.800003,100600.796875,25.07,121.23,64.525002,NO2,4106
24.850000,33.009998,28.530001,43.380001,0.190000,40.820000,0.400000,0.560000,299.700012,73.209999,99820.539062,25.05,121.37,54.225002,NO2,4107
21.480000,28.430000,25.150000,34.279999,0.170000,49.740002,-0.200000,1.060000,299.859985,70.290001,98825.929688,25.03,121.52,42.849998,NO2,4108
20.450001,26.700001,20.860001,27.450001,0.160000,57.369999,-0.840000,1.400000,298.700012,77.349998,97611.007812,25.01,121.67,34.312500,NO2,4109
15.980000,20.959999,13.440000,17.270000,0.140000,68.779999,-1.050000,1.500000,298.890015,80.070000,98071.796875,24.98,121.81,22.828571,PM2.5,4110
22.240000,30.129999,26.040001,36.639999,0.170000,45.150002,0.090000,0.680000,299.160004,77.080002,98568.273438,25.16,121.54,45.799999,NO2,4250
18.879999,25.450001,20.100000,27.400000,0.150000,55.680000,-0.210000,1.330000,299.410004,77.919998,98950.023438,25.14,121.69,34.250000,NO2,4251
14.340000,19.639999,13.360000,17.620001,0.140000,66.750000,-0.800000,1.870000,299.829987,78.540001,99625.343750,25.12,121.84,22.025002,NO2,4252
16.330000,22.860001,17.620001,27.969999,0.150000,58.110001,0.070000,0.980000,300.320007,77.230003,100028.546875,25.29,121.57,34.962498,NO2,4391
