PM2.5(微克每立方米),PM10(微克每立方米),SO2(微克每立方米),NO2(微克每立方米),CO(毫克每立方米),O3(微克每立方米),U(m/s),V(m/s),TEMP(K),RH(%),PSFC(Pa),lat,lon,AQI,Major pollutants,id
68.970001,120.379997,21.430000,64.620003,1.090000,21.969999,3.340000,6.470000,284.260010,31.790001,102027.843750,38.71,116.9,92.462502,PM2.5,26018
66.910004,114.669998,21.260000,63.860001,1.060000,23.160000,3.600000,6.500000,284.220001,31.049999,102044.648438,38.69,117.07,89.887505,PM2.5,26019
64.949997,109.650002,21.059999,63.200001,1.040000,24.280001,3.800000,6.570000,284.329987,32.570000,102065.750000,38.67,117.25,87.437500,PM2.5,26020
64.099998,106.019997,22.670000,62.160000,1.030000,24.570000,4.170000,6.580000,284.040009,26.840000,102088.617188,38.66,117.42,86.375000,PM2.5,26021
72.760002,128.320007,21.309999,65.900002,1.140000,20.139999,3.240000,6.000000,284.250000,32.049999,102006.039062,38.85,116.75,97.200005,PM2.5,26259
70.900002,122.809998,20.959999,66.279999,1.130000,20.180000,3.300000,6.120000,284.209991,31.680000,102027.250000,38.84,116.92,94.875000,PM2.5,26260
68.510002,116.410004,20.780001,64.970001,1.090000,21.740000,3.550000,6.240000,284.239990,30.860001,102061.507812,38.82,117.09,91.887505,PM2.5,26261
66.800003,111.910004,20.540001,65.230003,1.090000,21.889999,4.150000,6.280000,284.200012,30.670000,102069.718750,38.81,117.27,89.750000,PM2.5,26262
65.720001,107.610001,21.950001,64.129997,1.030000,24.840000,5.120000,6.720000,285.239990,38.630001,102076.226562,38.79,117.44,88.400002,PM2.5,26263
75.059998,132.139999,20.809999,67.930000,1.210000,18.139999,3.270000,5.620000,284.170013,31.980000,102011.218750,38.99,116.77,100.074997,PM2.5,26501
72.800003,125.870003,20.280001,68.230003,1.200000,18.209999,3.390000,5.640000,284.119995,31.440001,102043.468750,38.97,116.94,97.250000,PM2.5,26502
70.559998,119.870003,20.030001,68.080002,1.170000,18.620001,3.680000,5.910000,284.220001,31.129999,102070.476562,38.96,117.11,94.449997,PM2.5,26503
68.930000,115.430000,19.830000,68.459999,1.160000,18.559999,4.170000,5.950000,284.109985,29.200001,102073.273438,38.94,117.29,92.412498,PM2.5,26504
67.449997,111.370003,20.610001,68.209999,1.130000,19.709999,4.850000,6.190000,284.869995,34.930000,102066.429688,38.93,117.46,90.562500,PM2.5,26505
66.910004,108.660004,23.510000,67.379997,1.120000,20.250000,5.670000,6.320000,285.309998,39.419998,102069.281250,38.91,117.63,89.887505,PM2.5,26506
74.930000,129.809998,19.430000,71.419998,1.280000,15.470000,3.460000,5.300000,284.119995,30.920000,102034.710938,39.11,116.96,99.912498,PM2.5,26745
74.190002,127.919998,18.110001,75.440002,1.350000,12.250000,3.820000,5.610000,284.179993,31.080000,102053.578125,39.09,117.13,98.987503,PM2.5,26746
71.779999,121.870003,18.520000,74.279999,1.300000,13.340000,4.240000,5.710000,284.070007,29.160000,102061.757812,39.08,117.31,95.974998,PM2.5,26747
70.110001,118.639999,19.059999,74.260002,1.290000,13.870000,4.610000,5.570000,284.399994,31.129999,102049.890625,39.06,117.48,93.887497,PM2.5,26748
69.400002,117.160004,21.809999,73.180000,1.310000,14.420000,5.270000,5.470000,284.420013,33.410000,102039.328125,39.05,117.65,93.000000,PM2.5,26749
76.690002,134.229996,17.950001,73.769997,1.350000,13.200000,3.800000,5.310000,284.049988,30.510000,102022.617188,39.24,116.98,102.112503,PM2.5,26988
76.339996,134.080002,16.040001,78.849998,1.450000,10.010000,3.990000,5.420000,284.109985,30.719999,102049.523438,39.23,117.15,101.674995,PM2.5,26989
74.129997,128.380005,16.760000,78.290001,1.410000,10.540000,4.250000,5.430000,284.000000,29.320000,102054.507812,39.21,117.33,98.912498,PM2.5,26990
72.709999,126.410004,17.570000,78.650002,1.420000,10.630000,4.380000,5.230000,284.130005,30.490000,102029.453125,39.2,117.5,98.312500,NO2,26991
71.800003,125.330002,19.719999,77.589996,1.450000,11.220000,4.900000,5.020000,283.809998,27.740000,102025.179688,39.18,117.67,96.987495,NO2,26992
76.680000,134.860001,17.520000,72.730003,1.350000,13.340000,3.990000,5.360000,283.950012,30.059999,102023.867188,39.38,117.0,102.099998,PM2.5,27233
75.940002,133.669998,15.960000,76.910004,1.400000,11.110000,4.190000,5.370000,283.970001,30.389999,102039.828125,39.36,117.17,101.175003,PM2.5,27234
74.500000,129.779999,15.880000,77.639999,1.390000,10.980000,4.270000,5.120000,283.820007,29.270000,102029.578125,39.35,117.35,99.375000,PM2.5,27235
73.410004,128.190002,16.170000,78.620003,1.410000,10.760000,4.280000,4.970000,283.839996,30.799999,102013.187500,39.33,117.52,98.275002,NO2,27236
72.559998,127.430000,17.290001,78.639999,1.420000,11.040000,4.400000,4.800000,283.579987,26.860001,102019.132812,39.31,117.69,98.300003,NO2,27237
70.209999,120.250000,18.250000,76.019997,1.300000,13.760000,5.020000,4.810000,284.410004,32.880001,102040.882812,39.3,117.87,95.024994,NO2,27238
77.190002,137.429993,17.049999,70.589996,1.320000,13.130000,3.520000,4.700000,283.899994,29.620001,101929.492188,39.53,116.84,102.737503,PM2.5,27488
76.209999,134.850006,16.430000,72.110001,1.330000,12.690000,3.920000,5.140000,283.850006,29.440001,102006.382812,39.51,117.02,101.512497,PM2.5,27489
75.459999,133.300003,15.480000,75.019997,1.360000,11.630000,4.130000,5.300000,283.750000,30.070000,102008.179688,39.5,117.19,100.574997,PM2.5,27490
74.239998,129.809998,15.240000,75.959999,1.350000,11.810000,4.070000,4.870000,283.700012,29.040001,101984.320312,39.48,117.37,99.049995,PM2.5,27491
73.309998,127.720001,15.130000,76.900002,1.350000,11.790000,4.020000,4.700000,283.640015,30.490000,101995.062500,39.46,117.54,97.887497,PM2.5,27492
72.580002,126.989998,15.330000,77.690002,1.350000,11.930000,4.010000,4.520000,283.420013,28.780001,102010.976562,39.45,117.71,97.112503,NO2,27493
75.739998,135.669998,14.850000,70.910004,1.300000,11.310000,3.850000,4.740000,283.750000,29.209999,101887.296875,39.66,116.86,100.924995,PM2.5,27741
74.500000,132.419998,14.530000,73.449997,1.330000,11.520000,4.110000,4.950000,283.619995,29.580000,101987.859375,39.63,117.21,99.375000,PM2.5,27743
73.730003,130.089996,14.190000,74.570000,1.330000,11.710000,4.070000,4.580000,283.549988,28.830000,101973.781250,39.61,117.39,98.412506,PM2.5,27744
72.839996,127.510002,14.040000,75.349998,1.310000,12.090000,3.840000,4.280000,283.429993,29.219999,102002.781250,39.6,117.56,97.299995,PM2.5,27745
70.930000,124.180000,14.460000,76.180000,1.260000,13.460000,3.830000,3.810000,283.309998,28.100000,102041.218750,39.57,117.91,95.224998,NO2,27747
72.389999,130.169998,12.860000,72.680000,1.290000,10.520000,3.710000,4.030000,283.440002,28.900000,102044.039062,39.76,117.23,96.737503,PM2.5,28000
71.830002,128.550003,12.800000,73.470001,1.290000,11.120000,3.430000,3.610000,283.279999,29.549999,102037.679688,39.75,117.41,96.037506,PM2.5,28001
68.230003,125.379997,10.380000,72.949997,1.240000,8.640000,2.550000,2.530000,282.839996,29.670000,101907.218750,39.9,117.25,91.537506,PM2.5,28260
68.129997,125.010002,11.020000,73.610001,1.240000,9.490000,2.440000,2.910000,282.450012,27.420000,101985.601562,39.88,117.43,92.012497,NO2,28261
61.139999,114.190002,9.030000,70.940002,1.130000,8.260000,1.690000,1.270000,282.690002,28.059999,101292.476562,40.03,117.27,88.675003,NO2,28523
59.340000,107.699997,10.720000,70.750000,1.030000,10.460000,2.990000,2.390000,284.179993,40.299999,101132.867188,40.02,117.45,88.437500,NO2,28524
62.220001,115.190002,11.090000,71.790001,1.140000,10.440000,2.860000,2.930000,282.940002,37.090000,101297.617188,40.0,117.62,89.737503,NO2,28525
55.810001,106.400002,9.360000,69.110001,1.060000,10.000000,2.940000,1.350000,282.619995,33.560001,99207.539062,40.15,117.47,86.387497,NO2,28786
