PM2.5(微克每立方米),PM10(微克每立方米),SO2(微克每立方米),NO2(微克每立方米),CO(毫克每立方米),O3(微克每立方米),U(m/s),V(m/s),TEMP(K),RH(%),PSFC(Pa),lat,lon,AQI,Major pollutants,id
23.950001,34.340000,8.270000,5.420000,0.300000,74.459999,-1.860000,7.630000,290.489990,85.680000,78549.687500,35.42,106.08,34.340000,PM10,18968
24.969999,35.299999,8.050000,5.860000,0.300000,74.190002,-1.390000,6.730000,289.040009,92.019997,77110.820312,35.42,106.25,35.671429,PM2.5,18969
24.889999,35.669998,7.790000,7.120000,0.330000,72.910004,-1.460000,5.940000,291.019989,86.489998,79909.976562,35.42,106.42,35.669998,PM10,18970
23.180000,34.279999,8.970000,4.970000,0.310000,76.459999,-1.800000,8.260000,292.320007,78.870003,80516.968750,35.56,105.92,34.279999,PM10,19212
23.809999,34.290001,8.590000,5.260000,0.300000,75.970001,-1.620000,8.030000,290.209991,85.239998,77859.273438,35.56,106.09,34.290001,PM10,19213
24.620001,35.130001,8.260000,5.930000,0.310000,75.459999,-1.700000,7.450000,289.100006,90.980003,77018.523438,35.56,106.25,35.171429,PM2.5,19214
24.290001,35.080002,8.390000,7.700000,0.330000,75.529999,-1.470000,6.240000,291.500000,83.849998,80230.976562,35.56,106.42,35.080002,PM10,19215
23.440001,35.869999,9.580000,4.760000,0.320000,77.690002,-2.090000,8.310000,292.529999,79.250000,80932.250000,35.7,105.75,35.869999,PM10,19456
22.950001,34.389999,9.240000,4.870000,0.310000,77.440002,-1.160000,8.230000,292.170013,77.919998,80019.937500,35.7,105.92,34.389999,PM10,19457
23.309999,34.180000,9.010000,5.380000,0.310000,76.989998,-1.300000,7.710000,290.950012,81.459999,78422.882812,35.7,106.09,34.180000,PM10,19458
23.559999,34.430000,8.630000,6.190000,0.320000,76.379997,-2.160000,7.500000,290.869995,82.739998,78629.023438,35.69,106.25,34.430000,PM10,19459
24.209999,35.880001,8.880000,8.660000,0.350000,74.720001,-2.460000,6.720000,292.250000,80.660004,80953.476562,35.69,106.42,35.880001,PM10,19460
23.629999,38.070000,9.460000,4.380000,0.350000,80.160004,-4.070000,8.360000,292.260010,79.419998,80249.109375,35.83,105.42,38.070000,PM10,19697
23.680000,37.610001,9.740000,5.000000,0.360000,78.970001,-3.080000,8.300000,292.040009,80.790001,80280.296875,35.83,105.59,37.610001,PM10,19698
23.010000,36.020000,9.550000,5.020000,0.350000,78.650002,-1.800000,8.350000,292.320007,78.620003,80423.421875,35.83,105.75,36.020000,PM10,19699
22.709999,34.709999,9.290000,5.230000,0.340000,78.410004,-1.080000,8.090000,291.839996,78.459999,79502.828125,35.83,105.92,34.709999,PM10,19700
23.030001,34.459999,9.090000,5.760000,0.340000,77.849998,-1.480000,7.500000,290.989990,81.279999,78504.203125,35.83,106.09,34.459999,PM10,19701
23.020000,34.610001,8.970000,7.260000,0.360000,76.750000,-2.520000,7.220000,291.920013,78.839996,79778.617188,35.83,106.26,34.610001,PM10,19702
24.150000,36.639999,9.380000,10.150000,0.400000,75.139999,-3.200000,6.940000,292.950012,78.459999,81801.117188,35.83,106.42,36.639999,PM10,19703
26.639999,40.939999,10.100000,17.559999,0.460000,69.620003,-2.960000,6.410000,293.299988,80.690002,83012.507812,35.83,106.59,40.939999,PM10,19704
27.379999,42.549999,9.350000,19.889999,0.470000,68.709999,-2.310000,5.760000,294.049988,79.589996,84027.617188,35.82,106.76,42.549999,PM10,19705
23.040001,37.889999,9.390000,4.220000,0.370000,81.269997,-4.050000,8.440000,292.010010,79.629997,79848.531250,35.97,105.42,37.889999,PM10,19940
23.219999,37.709999,9.680000,5.180000,0.390000,79.690002,-2.880000,8.450000,291.440002,81.629997,79416.296875,35.97,105.59,37.709999,PM10,19941
22.760000,36.380001,9.470000,5.300000,0.380000,79.570000,-1.430000,8.510000,291.420013,80.849998,79272.796875,35.97,105.76,36.380001,PM10,19942
22.450001,35.099998,9.320000,5.510000,0.380000,79.760002,-0.900000,8.380000,291.380005,79.669998,78868.601562,35.97,105.92,35.099998,PM10,19943
22.540001,34.669998,9.210000,6.200000,0.380000,78.779999,-1.840000,7.890000,291.470001,79.550003,78954.257812,35.97,106.09,34.669998,PM10,19944
22.730000,35.150002,9.400000,8.140000,0.410000,77.599998,-3.190000,7.290000,292.750000,76.360001,80814.906250,35.97,106.26,35.150002,PM10,19945
24.190001,37.430000,9.800000,11.110000,0.450000,76.139999,-3.720000,6.980000,293.320007,78.019997,82386.523438,35.96,106.43,37.430000,PM10,19946
26.680000,41.200001,10.210000,17.020000,0.490000,71.870003,-3.210000,6.750000,293.100006,81.489998,82669.406250,35.96,106.59,41.200001,PM10,19947
27.490000,42.700001,9.430000,18.730000,0.490000,70.949997,-2.430000,6.210000,293.510010,81.239998,83250.750000,35.96,106.76,42.700001,PM10,19948
22.790001,37.650002,9.750000,5.410000,0.420000,80.339996,-2.420000,8.980000,290.609985,83.120003,78182.500000,36.11,105.59,37.650002,PM10,20186
22.400000,36.430000,9.380000,5.400000,0.410000,81.010002,-0.860000,9.210000,290.690002,82.150002,78173.890625,36.11,105.76,36.430000,PM10,20187
21.760000,35.060001,9.370000,6.000000,0.420000,80.699997,-0.880000,8.740000,291.940002,77.080002,79227.156250,36.1,105.92,35.060001,PM10,20188
21.500000,34.380001,9.580000,7.060000,0.430000,79.379997,-2.670000,7.910000,293.209991,73.330002,80754.210938,36.1,106.09,34.380001,PM10,20189
22.309999,35.389999,9.890000,8.550000,0.450000,79.150002,-4.080000,7.440000,293.709991,73.760002,82024.460938,36.1,106.26,35.389999,PM10,20190
24.350000,38.130001,10.250000,11.270000,0.480000,77.720001,-3.980000,7.270000,293.100006,79.389999,82162.156250,36.1,106.43,38.130001,PM10,20191
26.639999,41.439999,10.620000,16.139999,0.520000,74.190002,-3.140000,7.100000,292.760010,82.099998,82020.398438,36.1,106.6,41.439999,PM10,20192
27.250000,42.439999,9.550000,16.540001,0.510000,74.050003,-2.510000,6.660000,293.329987,81.300003,82799.226562,36.1,106.77,42.439999,PM10,20193
28.049999,43.689999,9.200000,13.430000,0.520000,75.120003,-2.110000,6.130000,294.299988,79.169998,84064.671875,36.09,106.93,43.689999,PM10,20194
22.530001,37.480000,9.990000,5.280000,0.430000,80.599998,-1.760000,9.790000,290.109985,83.330002,77304.187500,36.24,105.59,37.480000,PM10,20431
21.879999,36.160000,9.570000,5.140000,0.430000,81.720001,-0.760000,9.520000,291.279999,78.669998,78462.796875,36.24,105.76,36.160000,PM10,20432
20.770000,34.380001,9.660000,5.960000,0.440000,80.949997,-1.760000,8.330000,293.690002,70.989998,80981.867188,36.24,105.93,34.380001,PM10,20433
20.969999,34.230000,10.100000,6.940000,0.440000,80.489998,-3.700000,7.700000,294.700012,68.970001,82503.507812,36.24,106.09,34.230000,PM10,20434
22.540001,35.889999,10.400000,7.850000,0.450000,80.930000,-4.510000,7.860000,293.790009,74.330002,82222.070312,36.24,106.26,35.889999,PM10,20435
24.850000,38.880001,10.840000,10.220000,0.480000,79.169998,-3.940000,7.710000,292.679993,80.709999,81556.132812,36.24,106.43,38.880001,PM10,20436
26.690001,41.630001,11.270000,13.560000,0.500000,76.620003,-3.110000,7.310000,292.850006,81.099998,81871.429688,36.23,106.6,41.630001,PM10,20437
21.360001,36.250000,9.500000,3.410000,0.400000,83.889999,-2.130000,10.590000,291.399994,77.209999,78271.468750,36.38,105.42,36.250000,PM10,20676
21.840000,36.500000,9.880000,4.360000,0.430000,82.680000,-1.600000,10.600000,290.750000,78.839996,77464.117188,36.38,105.59,36.500000,PM10,20677
21.430000,35.689999,9.680000,4.790000,0.430000,82.519997,-1.640000,9.500000,292.089996,75.269997,79103.539062,36.38,105.76,35.689999,PM10,20678
20.440001,34.240002,9.970000,5.710000,0.430000,81.750000,-2.730000,8.130000,294.540009,68.639999,82005.320312,36.38,105.93,34.240002,PM10,20679
20.930000,34.299999,10.580000,6.400000,0.420000,82.370003,-3.960000,8.190000,295.190002,67.660004,83075.757812,36.37,106.1,34.299999,PM10,20680
22.900000,36.230000,10.570000,6.890000,0.420000,82.650002,-4.470000,8.610000,293.640015,74.830002,81925.617188,36.37,106.26,36.230000,PM10,20681
25.190001,39.119999,11.030000,8.570000,0.440000,81.129997,-4.070000,8.210000,292.410004,80.940002,81029.781250,36.37,106.43,39.119999,PM10,20682
20.350000,35.160000,9.600000,3.300000,0.410000,84.339996,-1.090000,10.850000,292.769989,70.489998,79216.726562,36.51,105.42,35.160000,PM10,20922
20.610001,35.150002,9.870000,4.080000,0.420000,83.570000,-1.840000,10.350000,292.739990,70.400002,79035.398438,36.51,105.59,35.150002,PM10,20923
20.780001,34.980000,9.790000,4.410000,0.420000,83.519997,-2.970000,9.770000,293.239990,71.010002,80139.726562,36.51,105.76,34.980000,PM10,20924
20.510000,34.290001,10.150000,5.170000,0.410000,83.180000,-3.550000,8.920000,294.769989,67.949997,82267.703125,36.51,105.93,34.290001,PM10,20925
20.870001,34.250000,10.730000,5.800000,0.390000,83.820000,-3.850000,9.000000,295.549988,66.300003,83359.953125,36.51,106.1,34.250000,PM10,20926
22.559999,35.750000,10.640000,5.970000,0.390000,84.410004,-4.310000,9.090000,294.369995,71.599998,82430.617188,36.51,106.27,35.750000,PM10,20927
19.760000,34.730000,9.480000,2.790000,0.420000,85.430000,-1.420000,10.760000,292.980011,69.279999,79136.773438,36.65,105.25,34.730000,PM10,21168
19.299999,34.150002,9.670000,3.240000,0.420000,84.430000,-1.020000,10.070000,294.119995,65.129997,80255.359375,36.65,105.42,34.150002,PM10,21169
19.070000,33.689999,9.870000,4.040000,0.420000,83.550003,-2.300000,9.080000,294.920013,63.139999,81084.781250,36.65,105.59,33.689999,PM10,21170
19.580000,33.740002,9.850000,4.130000,0.410000,84.540001,-3.830000,9.630000,295.070007,65.169998,81977.210938,36.65,105.76,33.740002,PM10,21171
20.100000,33.770000,10.190000,4.660000,0.390000,84.860001,-4.080000,9.520000,295.540009,65.430000,83000.273438,36.65,105.93,33.770000,PM10,21172
20.500000,33.799999,10.680000,5.230000,0.370000,85.290001,-3.950000,9.270000,296.160004,64.059998,83846.406250,36.65,106.1,33.799999,PM10,21173
21.980000,35.139999,10.640000,5.290000,0.360000,85.510002,-4.210000,9.010000,295.320007,67.820000,83210.203125,36.64,106.27,35.139999,PM10,21174
24.480000,37.900002,11.050000,5.730000,0.370000,85.480003,-4.460000,8.810000,293.540009,74.900002,81648.906250,36.64,106.44,37.900002,PM10,21175
18.469999,33.459999,9.720000,3.290000,0.440000,84.360001,-1.790000,8.860000,295.309998,61.169998,81261.343750,36.79,105.42,33.459999,PM10,21416
18.340000,33.130001,9.850000,3.970000,0.430000,84.160004,-3.060000,8.150000,296.190002,59.830002,82437.656250,36.78,105.59,33.130001,PM10,21417
18.740000,32.990002,9.960000,4.110000,0.410000,85.559998,-4.180000,9.210000,296.429993,61.340000,83416.203125,36.78,105.76,32.990002,PM10,21418
19.500000,33.200001,10.250000,4.460000,0.380000,86.290001,-4.360000,9.500000,296.440002,62.400002,83808.976562,36.78,105.93,33.200001,PM10,21419
20.540001,33.790001,10.600000,4.750000,0.350000,86.650002,-4.260000,9.250000,296.119995,64.099998,83720.617188,36.78,106.1,33.790001,PM10,21420
22.040001,35.130001,10.630000,4.760000,0.350000,86.839996,-4.170000,8.940000,295.329987,67.360001,83084.851562,36.78,106.27,35.130001,PM10,21421
24.180000,37.480000,11.060000,5.000000,0.350000,86.800003,-4.490000,8.930000,294.109985,72.150002,82036.859375,36.78,106.44,37.480000,PM10,21422
26.740000,40.389999,11.590000,5.080000,0.360000,86.260002,-4.310000,8.710000,292.869995,78.089996,81142.093750,36.78,106.61,40.389999,PM10,21423
18.190001,33.380001,9.710000,2.910000,0.450000,85.620003,-2.300000,8.470000,295.359985,60.150002,80957.218750,36.92,105.25,33.380001,PM10,21661
18.020000,33.209999,9.820000,3.320000,0.450000,84.919998,-2.680000,7.940000,296.200012,58.779999,82111.132812,36.92,105.42,33.209999,PM10,21662
18.070000,32.990002,9.880000,3.690000,0.440000,85.629997,-3.660000,8.070000,296.880005,58.450001,83262.382812,36.92,105.59,32.990002,PM10,21663
18.360001,32.790001,10.130000,4.070000,0.410000,87.029999,-4.230000,9.280000,297.149994,59.410000,84158.390625,36.92,105.76,32.790001,PM10,21664
18.959999,32.860001,10.270000,4.240000,0.380000,87.879997,-4.410000,9.390000,297.269989,59.720001,84549.820312,36.92,105.93,32.860001,PM10,21665
20.520000,33.919998,10.350000,4.140000,0.350000,88.330002,-4.400000,9.350000,295.929993,64.459999,83404.851562,36.92,106.1,33.919998,PM10,21666
22.139999,35.369999,10.440000,4.120000,0.340000,88.769997,-3.990000,9.260000,294.929993,68.199997,82506.476562,36.92,106.27,35.369999,PM10,21667
23.940001,37.270000,10.930000,4.230000,0.340000,88.940002,-4.150000,9.400000,294.279999,71.000000,82020.093750,36.91,106.44,37.270000,PM10,21668
17.940001,33.099998,9.780000,2.600000,0.470000,86.989998,-2.320000,8.380000,295.829987,58.509998,81228.976562,37.06,105.09,33.099998,PM10,21907
18.660000,33.750000,9.820000,2.810000,0.460000,86.690002,-2.950000,8.410000,294.519989,62.959999,80145.257812,37.06,105.26,33.750000,PM10,21908
18.340000,33.500000,9.830000,3.210000,0.460000,86.220001,-3.110000,8.220000,295.579987,61.130001,81609.007812,37.06,105.43,33.500000,PM10,21909
17.930000,32.840000,9.770000,3.540000,0.440000,87.349998,-3.770000,8.620000,297.119995,58.169998,83631.617188,37.06,105.6,32.840000,PM10,21910
18.040001,32.410000,9.780000,3.680000,0.410000,88.790001,-4.230000,9.540000,297.910004,57.150002,84893.242188,37.06,105.77,32.410000,PM10,21911
18.750000,32.669998,9.780000,3.750000,0.380000,89.589996,-4.400000,9.610000,297.369995,59.400002,84604.039062,37.05,105.93,32.669998,PM10,21912
20.510000,33.980000,9.810000,3.610000,0.340000,90.150002,-4.200000,9.590000,295.489990,65.419998,82802.906250,37.05,106.1,33.980000,PM10,21913
21.940001,35.310001,9.980000,3.630000,0.340000,90.449997,-3.530000,9.400000,294.899994,67.699997,82297.398438,37.05,106.27,35.310001,PM10,21914
23.250000,36.689999,10.540000,3.690000,0.340000,90.889999,-3.550000,9.660000,294.970001,68.040001,82538.703125,37.05,106.44,36.689999,PM10,21915
25.530001,39.200001,11.380000,3.560000,0.340000,91.080002,-4.110000,9.670000,294.070007,72.339996,81896.023438,37.05,106.61,39.200001,PM10,21916
17.860001,33.009998,11.060000,4.440000,0.470000,87.720001,-1.960000,9.740000,296.640015,56.770000,82096.781250,37.19,104.91,33.009998,PM10,22156
18.320000,33.169998,9.840000,2.390000,0.470000,88.080002,-2.180000,9.600000,295.070007,60.360001,80289.062500,37.19,105.09,33.169998,PM10,22157
18.920000,33.720001,9.760000,2.640000,0.460000,87.959999,-2.930000,9.910000,294.190002,63.740002,79616.593750,37.19,105.26,33.720001,PM10,22158
18.610001,33.529999,9.680000,2.990000,0.460000,87.940002,-3.410000,9.660000,295.179993,62.410000,81142.210938,37.19,105.43,33.529999,PM10,22159
17.850000,32.639999,9.520000,3.320000,0.440000,89.080002,-3.810000,9.550000,297.239990,57.869999,83754.023438,37.19,105.6,32.639999,PM10,22160
17.719999,32.049999,9.350000,3.310000,0.410000,90.620003,-3.920000,9.860000,298.420013,55.660000,85367.953125,37.19,105.77,32.049999,PM10,22161
18.580000,32.480000,9.200000,3.300000,0.380000,91.389999,-4.220000,10.380000,297.339996,59.169998,84427.812500,37.19,105.94,32.480000,PM10,22162
20.660000,34.189999,9.160000,3.190000,0.350000,91.919998,-4.330000,10.420000,294.839996,66.989998,81948.617188,37.19,106.11,34.189999,PM10,22163
22.400000,35.930000,9.350000,3.260000,0.340000,92.019997,-3.290000,9.850000,293.899994,70.809998,81221.406250,37.19,106.28,35.930000,PM10,22164
22.530001,36.360001,9.970000,3.350000,0.340000,92.480003,-2.910000,9.560000,295.609985,65.690002,83066.140625,37.19,106.45,36.360001,PM10,22165
23.980000,38.000000,10.920000,3.210000,0.340000,93.129997,-4.060000,9.430000,296.040009,65.519997,83803.609375,37.18,106.62,38.000000,PM10,22166
26.600000,40.669998,12.210000,3.100000,0.340000,93.449997,-4.940000,9.290000,295.269989,69.849998,83592.140625,37.18,106.79,40.669998,PM10,22167
29.000000,42.790001,13.730000,2.940000,0.330000,93.220001,-4.650000,8.910000,294.739990,72.889999,83476.476562,37.18,106.96,42.790001,PM10,22168
30.990000,44.349998,15.150000,2.990000,0.330000,91.930000,-3.930000,8.670000,294.459991,74.379997,83356.632812,37.18,107.13,44.349998,PM10,22169
32.400002,45.110001,16.320000,3.130000,0.320000,91.629997,-3.480000,8.050000,294.720001,73.989998,83709.476562,37.17,107.3,46.285717,PM2.5,22170
17.760000,32.119999,11.300000,4.930000,0.440000,87.110001,-1.950000,9.510000,298.239990,52.810001,83611.039062,37.33,104.74,32.119999,PM10,22407
17.830000,32.500000,10.860000,3.950000,0.460000,88.699997,-1.370000,9.940000,297.609985,53.669998,82854.109375,37.33,104.91,32.500000,PM10,22408
17.850000,32.400002,9.850000,2.560000,0.460000,88.849998,-1.810000,9.810000,297.200012,54.070000,82185.562500,37.33,105.09,32.400002,PM10,22409
17.990000,32.560001,9.600000,2.710000,0.450000,88.800003,-3.170000,9.910000,297.049988,55.279999,82328.906250,37.33,105.26,32.560001,PM10,22410
18.020000,32.680000,9.440000,3.020000,0.450000,89.309998,-4.070000,9.890000,297.390015,56.029999,83319.726562,37.33,105.43,32.680000,PM10,22411
17.709999,32.270000,9.300000,3.410000,0.440000,90.519997,-4.220000,9.840000,298.600006,54.169998,85126.742188,37.33,105.6,32.270000,PM10,22412
17.790001,31.940001,8.900000,3.160000,0.410000,91.790001,-3.670000,10.240000,298.859985,54.389999,85765.507812,37.33,105.77,31.940001,PM10,22413
18.340000,32.139999,8.690000,3.140000,0.380000,92.620003,-3.410000,10.620000,298.320007,56.009998,85256.843750,37.33,105.94,32.139999,PM10,22414
19.860001,33.349998,8.630000,3.010000,0.360000,93.730003,-3.720000,10.730000,296.209991,61.840000,82992.250000,37.32,106.11,33.349998,PM10,22415
22.150000,35.540001,8.780000,3.020000,0.350000,94.160004,-3.510000,10.550000,294.269989,68.580002,81209.492188,37.32,106.28,35.540001,PM10,22416
22.120001,36.060001,9.460000,3.190000,0.340000,94.349998,-3.440000,9.610000,296.230011,63.630001,83631.007812,37.32,106.45,36.060001,PM10,22417
23.059999,37.169998,10.420000,3.160000,0.340000,94.970001,-4.320000,9.000000,297.410004,61.529999,85276.507812,37.32,106.62,37.169998,PM10,22418
25.850000,39.889999,11.820000,3.150000,0.340000,95.550003,-4.850000,9.270000,296.220001,66.559998,84506.156250,37.32,106.79,39.889999,PM10,22419
28.440001,42.060001,13.240000,2.940000,0.330000,95.660004,-4.340000,9.090000,295.119995,70.930000,83638.781250,37.31,106.96,42.060001,PM10,22420
30.700001,43.860001,14.730000,2.880000,0.320000,94.860001,-3.640000,8.970000,294.660004,73.070000,83320.226562,37.31,107.13,43.860001,PM10,22421
19.070000,31.639999,10.050000,3.050000,0.370000,86.089996,-1.770000,8.850000,297.119995,55.130001,82175.070312,37.46,104.4,31.639999,PM10,22658
18.410000,31.549999,10.600000,3.700000,0.390000,86.519997,-1.750000,8.350000,298.040009,52.950001,83132.976562,37.46,104.57,31.549999,PM10,22659
18.139999,31.990000,11.150000,4.310000,0.420000,87.949997,-1.440000,8.660000,298.489990,51.889999,83725.976562,37.46,104.74,31.990000,PM10,22660
17.680000,31.900000,10.640000,3.600000,0.440000,88.879997,-1.160000,8.270000,299.500000,48.840000,84615.617188,37.46,104.91,31.900000,PM10,22661
17.190001,31.570000,10.030000,3.040000,0.450000,88.589996,-2.280000,7.200000,300.579987,46.099998,85628.656250,37.46,105.09,31.570000,PM10,22662
17.209999,31.620001,9.500000,2.960000,0.450000,89.519997,-3.870000,7.470000,300.510010,47.049999,85935.976562,37.46,105.26,31.620001,PM10,22663
17.459999,31.950001,9.300000,3.240000,0.440000,90.800003,-4.590000,8.180000,300.140015,49.369999,86222.507812,37.46,105.43,31.950001,PM10,22664
17.559999,32.009998,9.170000,3.740000,0.430000,91.970001,-4.240000,8.790000,300.170013,50.400002,86781.796875,37.46,105.6,32.009998,PM10,22665
17.820000,31.860001,8.610000,3.150000,0.410000,92.809998,-3.330000,9.620000,299.890015,51.570000,86734.406250,37.46,105.77,31.860001,PM10,22666
18.320000,32.060001,8.360000,3.100000,0.390000,93.430000,-2.690000,9.570000,299.420013,52.779999,86242.859375,37.46,105.94,32.060001,PM10,22667
19.180000,32.730000,8.300000,3.020000,0.370000,94.290001,-2.970000,9.280000,298.540009,54.810001,85208.882812,37.46,106.11,32.730000,PM10,22668
20.549999,34.200001,8.570000,3.000000,0.360000,95.570000,-4.110000,9.650000,297.589996,58.049999,84418.546875,37.46,106.28,34.200001,PM10,22669
21.590000,35.520000,9.180000,3.060000,0.350000,96.529999,-4.720000,9.480000,297.649994,59.619999,85127.296875,37.46,106.45,35.520000,PM10,22670
23.000000,37.090000,10.100000,3.120000,0.350000,97.169998,-4.530000,8.980000,297.640015,60.980000,85545.296875,37.45,106.62,37.090000,PM10,22671
25.469999,39.490002,11.470000,3.200000,0.350000,97.820000,-4.390000,9.080000,296.640015,64.949997,84812.203125,37.45,106.79,39.490002,PM10,22672
27.860001,41.450001,12.760000,3.000000,0.340000,97.699997,-4.100000,9.160000,295.609985,68.559998,83911.343750,37.45,106.96,41.450001,PM10,22673
29.719999,42.820000,14.100000,2.840000,0.330000,97.080002,-3.530000,8.900000,295.470001,69.650002,83947.773438,37.45,107.13,42.820000,PM10,22674
18.230000,32.889999,10.770000,4.060000,0.460000,89.410004,-4.180000,5.660000,301.040009,45.680000,86450.367188,37.6,105.09,32.889999,PM10,22916
18.290001,32.759998,9.660000,3.610000,0.450000,91.139999,-5.220000,6.310000,300.720001,47.430000,86521.226562,37.6,105.26,32.759998,PM10,22917
18.299999,32.840000,9.310000,4.020000,0.450000,91.970001,-5.240000,7.330000,299.899994,50.360001,86208.539062,37.6,105.43,32.840000,PM10,22918
18.440001,33.029999,9.160000,4.930000,0.430000,92.370003,-4.190000,7.920000,299.640015,51.650002,86240.546875,37.6,105.6,33.029999,PM10,22919
18.360001,32.389999,8.420000,3.430000,0.410000,93.599998,-2.990000,8.230000,300.220001,50.639999,87007.882812,37.6,105.77,32.389999,PM10,22920
18.730000,32.450001,8.120000,3.270000,0.390000,93.970001,-2.540000,8.030000,300.040009,50.950001,86768.781250,37.6,105.94,32.450001,PM10,22921
19.540001,32.990002,8.060000,2.990000,0.370000,95.320000,-3.100000,7.640000,299.470001,52.299999,86128.726562,37.6,106.11,32.990002,PM10,22922
20.350000,33.830002,8.360000,2.870000,0.370000,97.360001,-4.490000,8.140000,299.489990,53.200001,86492.226562,37.59,106.28,33.830002,PM10,22923
21.600000,35.299999,8.920000,2.910000,0.360000,98.570000,-5.080000,8.980000,298.630005,57.240002,86217.867188,37.59,106.45,35.299999,PM10,22924
23.219999,37.099998,9.750000,3.010000,0.360000,99.029999,-4.570000,8.880000,297.760010,60.639999,85632.992188,37.59,106.63,37.099998,PM10,22925
25.049999,38.860001,10.910000,3.010000,0.360000,99.500000,-4.130000,8.740000,297.239990,62.700001,85309.492188,37.59,106.8,38.860001,PM10,22926
27.040001,40.480000,12.120000,2.830000,0.350000,99.820000,-3.960000,8.710000,296.369995,65.709999,84512.656250,37.59,106.97,40.480000,PM10,22927
28.780001,41.889999,13.430000,2.790000,0.340000,98.860001,-3.550000,8.610000,295.940002,67.800003,84296.531250,37.58,107.14,41.889999,PM10,22928
29.770000,42.630001,15.060000,3.130000,0.330000,97.639999,-2.760000,8.190000,296.549988,66.430000,85072.679688,37.58,107.31,42.630001,PM10,22929
19.430000,33.509998,8.170000,3.700000,0.420000,93.919998,-3.060000,7.630000,299.480011,52.220001,86173.671875,37.73,105.77,33.509998,PM10,23173
19.480000,33.090000,7.830000,3.350000,0.410000,94.709999,-2.720000,7.050000,300.279999,50.500000,87030.492188,37.73,105.94,33.090000,PM10,23174
20.150000,33.459999,7.870000,2.940000,0.390000,96.730003,-3.770000,7.140000,299.950012,51.330002,86691.742188,37.73,106.11,33.459999,PM10,23175
20.860001,34.220001,8.160000,2.750000,0.380000,98.800003,-4.920000,7.870000,299.640015,53.320000,86813.703125,37.73,106.29,34.220001,PM10,23176
22.020000,35.540001,8.650000,2.790000,0.380000,99.900002,-4.960000,8.740000,298.670013,57.380001,86318.929688,37.73,106.46,35.540001,PM10,23177
23.459999,37.270000,9.380000,2.920000,0.380000,100.089996,-4.400000,8.600000,297.649994,60.790001,85465.320312,37.73,106.63,37.270000,PM10,23178
24.780001,38.560001,10.370000,2.830000,0.370000,100.809998,-3.960000,8.310000,297.380005,62.049999,85334.187500,37.72,106.8,38.560001,PM10,23179
26.430000,40.049999,11.490000,2.760000,0.360000,100.540001,-3.960000,8.310000,296.720001,64.309998,84762.007812,37.72,106.97,40.049999,PM10,23180
28.170000,41.520000,12.760000,2.780000,0.350000,99.889999,-3.680000,8.330000,295.989990,67.339996,84216.976562,37.72,107.14,41.520000,PM10,23181
29.110001,42.380001,14.450000,3.260000,0.350000,98.410004,-2.810000,7.810000,296.480011,66.309998,84872.171875,37.72,107.31,42.380001,PM10,23182
29.730000,43.110001,17.080000,4.280000,0.340000,95.339996,-2.570000,7.260000,297.299988,63.660000,85706.750000,37.71,107.48,43.110001,PM10,23183
19.879999,34.720001,8.140000,8.190000,0.440000,94.070000,-3.350000,6.710000,300.429993,49.990002,87156.812500,37.87,105.94,34.720001,PM10,23430
20.040001,34.759998,8.220000,5.610000,0.430000,97.690002,-4.070000,6.980000,300.760010,49.910000,87679.203125,37.87,106.12,34.759998,PM10,23431
21.110001,34.349998,7.890000,2.900000,0.400000,100.389999,-4.720000,7.970000,300.190002,52.450001,87504.382812,37.86,106.29,34.349998,PM10,23432
22.350000,35.910000,8.400000,2.970000,0.400000,101.029999,-4.680000,8.870000,298.619995,57.419998,86207.507812,37.86,106.46,35.910000,PM10,23433
23.780001,37.849998,9.190000,3.350000,0.400000,100.919998,-4.350000,8.630000,297.230011,61.740002,84915.531250,37.86,106.63,37.849998,PM10,23434
24.719999,39.310001,10.530000,4.110000,0.390000,100.760002,-3.980000,8.400000,297.010010,62.799999,84846.429688,37.86,106.8,39.310001,PM10,23435
26.049999,40.320000,11.370000,3.550000,0.380000,100.800003,-3.830000,8.360000,296.619995,64.370003,84550.289062,37.86,106.97,40.320000,PM10,23436
27.510000,41.250000,12.120000,2.970000,0.370000,100.709999,-3.510000,8.050000,296.140015,66.529999,84214.117188,37.85,107.15,41.250000,PM10,23437
28.420000,42.119999,13.730000,3.490000,0.370000,99.110001,-2.910000,7.460000,296.649994,65.440002,84914.156250,37.85,107.32,42.119999,PM10,23438
29.150000,42.840000,16.059999,4.110000,0.360000,96.489998,-2.740000,6.950000,297.329987,63.470001,85681.023438,37.85,107.49,42.840000,PM10,23439
20.370001,35.580002,7.840000,9.410000,0.470000,95.790001,-3.930000,6.390000,300.649994,49.860001,87496.492188,38.0,105.95,35.580002,PM10,23687
20.270000,35.820000,8.080000,7.210000,0.470000,99.010002,-4.250000,6.860000,301.019989,49.810001,88139.687500,38.0,106.12,35.820000,PM10,23688
21.330000,35.299999,8.060000,4.960000,0.440000,101.540001,-4.460000,7.860000,300.459991,52.009998,87847.812500,38.0,106.29,35.299999,PM10,23689
22.549999,36.720001,8.570000,4.560000,0.430000,103.089996,-4.320000,8.860000,298.980011,56.230000,86547.156250,38.0,106.46,36.720001,PM10,23690
23.660000,37.849998,9.030000,4.240000,0.430000,101.839996,-4.150000,8.590000,297.820007,59.660000,85382.421875,38.0,106.63,37.849998,PM10,23691
24.459999,39.189999,10.190000,4.490000,0.420000,101.550003,-3.980000,8.560000,297.440002,61.130001,85158.703125,37.99,106.81,39.189999,PM10,23692
25.660000,40.139999,10.900000,3.750000,0.410000,101.389999,-3.910000,8.320000,296.970001,62.959999,84771.531250,37.99,106.98,40.139999,PM10,23693
26.980000,41.080002,11.580000,3.140000,0.390000,100.809998,-3.700000,7.780000,296.500000,64.949997,84452.406250,37.99,107.15,41.080002,PM10,23694
27.830000,41.959999,13.090000,3.600000,0.390000,99.459999,-3.170000,7.130000,296.989990,64.080002,85166.179688,37.99,107.32,41.959999,PM10,23695
22.070000,36.660000,7.730000,8.800000,0.490000,96.980003,-5.020000,6.500000,298.799988,54.139999,85496.851562,38.14,105.77,36.660000,PM10,23940
21.180000,36.639999,7.630000,8.610000,0.500000,98.669998,-4.380000,6.160000,300.390015,50.830002,87364.203125,38.14,105.95,36.639999,PM10,23941
20.549999,36.790001,7.930000,8.510000,0.510000,100.320000,-4.210000,6.790000,300.980011,50.369999,88224.593750,38.14,106.12,36.790001,PM10,23942
21.650000,36.619999,8.320000,8.280000,0.480000,101.500000,-4.030000,7.670000,300.459991,52.110001,87870.382812,38.14,106.29,36.619999,PM10,23943
22.670000,37.389999,8.710000,6.880000,0.470000,102.650002,-3.850000,8.440000,299.329987,55.070000,86801.890625,38.13,106.46,37.389999,PM10,23944
23.709999,38.009998,8.950000,5.230000,0.450000,102.480003,-3.920000,8.100000,298.559998,57.299999,86049.531250,38.13,106.64,38.009998,PM10,23945
24.510000,39.040001,9.770000,4.030000,0.440000,102.419998,-3.990000,8.220000,298.070007,59.009998,85702.148438,38.13,106.81,39.040001,PM10,23946
26.870001,41.419998,11.310000,3.120000,0.420000,101.400002,-3.810000,7.510000,296.700012,64.089996,84568.703125,38.12,107.15,41.419998,PM10,23948
21.950001,38.200001,7.750000,9.480000,0.540000,100.300003,-4.540000,6.170000,299.350006,54.020000,86480.382812,38.27,105.95,38.200001,PM10,24198
20.490000,38.340000,8.270000,11.660000,0.550000,100.519997,-3.880000,6.560000,300.959991,50.669998,88307.960938,38.27,106.12,38.340000,PM10,24199
21.610001,38.040001,8.660000,11.090000,0.520000,101.459999,-3.630000,7.350000,300.510010,51.869999,87888.562500,38.27,106.29,38.040001,PM10,24200
22.830000,38.389999,8.960000,8.600000,0.500000,102.900002,-3.560000,7.960000,299.529999,54.310001,86911.476562,38.27,106.47,38.389999,PM10,24201
22.100000,40.259998,8.370000,12.840000,0.590000,100.510002,-4.810000,5.970000,298.309998,57.180000,85495.656250,38.41,105.95,40.259998,PM10,24457
19.510000,41.060001,9.450000,18.389999,0.630000,98.160004,-3.560000,6.190000,300.750000,51.200001,88114.296875,38.41,106.12,41.060001,PM10,24458
20.850000,39.849998,9.240000,13.850000,0.580000,101.080002,-3.110000,6.890000,300.790009,51.080002,88122.718750,38.41,106.3,39.849998,PM10,24459
22.480000,39.180000,9.270000,9.410000,0.550000,103.239998,-3.160000,7.360000,300.269989,52.250000,87578.796875,38.4,106.47,39.180000,PM10,24460
23.410000,41.799999,8.280000,12.400000,0.630000,101.480003,-4.920000,4.690000,297.519989,60.110001,84959.906250,38.54,105.95,41.799999,PM10,24717
19.980000,41.560001,8.970000,16.730000,0.660000,100.269997,-2.950000,4.970000,300.420013,52.439999,88026.289062,38.54,106.12,41.560001,PM10,24718
21.129999,40.330002,9.140000,13.110000,0.610000,102.370003,-2.620000,6.220000,301.000000,50.560001,88327.593750,38.54,106.3,40.330002,PM10,24719
22.760000,39.480000,9.230000,8.620000,0.570000,103.989998,-2.770000,6.790000,300.720001,51.080002,88010.882812,38.54,106.47,39.480000,PM10,24720
24.660000,39.419998,9.230000,4.350000,0.530000,104.260002,-3.030000,7.460000,299.859985,53.270000,87154.140625,38.54,106.64,39.419998,PM10,24721
26.670000,43.009998,8.150000,9.530000,0.620000,101.699997,-4.940000,4.190000,294.510010,69.480003,81950.093750,38.68,105.95,43.009998,PM10,24975
22.709999,43.830002,8.820000,14.160000,0.710000,101.639999,-1.910000,3.940000,298.750000,57.080002,86603.617188,38.68,106.13,43.830002,PM10,24976
21.660000,41.330002,9.250000,12.330000,0.650000,102.949997,-1.660000,5.320000,300.920013,51.130001,88469.187500,38.68,106.3,41.330002,PM10,24977
23.180000,40.169998,9.360000,7.950000,0.590000,104.110001,-2.260000,6.480000,300.880005,50.619999,88137.101562,38.68,106.47,40.169998,PM10,24978
24.770000,39.990002,9.480000,4.240000,0.560000,104.080002,-2.610000,7.210000,300.540009,51.180000,87714.976562,38.67,106.65,39.990002,PM10,24979
28.889999,43.020000,7.870000,7.240000,0.580000,102.610001,-5.570000,6.720000,289.670013,84.779999,76348.382812,38.82,105.95,43.020000,PM10,25225
25.590000,44.919998,8.560000,11.550000,0.690000,101.070000,-1.240000,5.340000,295.390015,66.419998,82897.492188,38.81,106.13,44.919998,PM10,25226
22.309999,42.459999,9.430000,11.650000,0.690000,103.070000,-0.620000,4.970000,300.700012,52.040001,88556.796875,38.81,106.3,42.459999,PM10,25227
23.480000,41.209999,9.720000,7.780000,0.620000,103.580002,-1.620000,6.200000,301.230011,49.910000,88495.703125,38.81,106.48,41.209999,PM10,25228
24.820000,40.990002,9.930000,4.630000,0.590000,103.470001,-2.220000,6.780000,301.029999,49.939999,88154.460938,38.81,106.65,40.990002,PM10,25229
26.660000,43.680000,8.430000,9.100000,0.640000,101.360001,-2.440000,8.350000,293.160004,72.930000,80306.679688,38.95,106.13,43.680000,PM10,25468
23.580000,44.110001,10.200000,11.470000,0.710000,102.559998,-0.790000,5.840000,299.390015,55.160000,87178.109375,38.95,106.3,44.110001,PM10,25469
23.680000,42.750000,10.690000,8.350000,0.660000,103.099998,-1.320000,5.960000,301.320007,49.709999,88656.382812,38.95,106.48,42.750000,PM10,25470
24.860001,42.490002,10.740000,5.250000,0.620000,103.010002,-2.030000,6.410000,301.440002,48.820000,88534.750000,38.94,106.65,42.490002,PM10,25471
26.000000,42.570000,10.260000,2.720000,0.600000,102.830002,-2.470000,6.820000,301.049988,49.720001,88110.898438,38.94,106.83,42.570000,PM10,25472
26.410000,43.160000,9.750000,9.060000,0.640000,103.940002,-4.920000,10.980000,293.809998,70.190002,80829.312500,39.08,106.13,43.160000,PM10,25712
24.600000,47.619999,14.740000,15.380000,0.750000,99.650002,-2.600000,8.050000,296.720001,62.389999,84218.812500,39.08,106.31,47.619999,PM10,25713
24.760000,46.360001,13.850000,11.150000,0.700000,101.559998,-1.870000,7.030000,298.709991,56.119999,85940.156250,39.08,106.48,46.360001,PM10,25714
25.650000,44.660000,10.910000,5.110000,0.650000,102.849998,-1.850000,6.930000,300.440002,51.070000,87442.492188,39.08,106.65,44.660000,PM10,25715
26.170000,44.930000,11.130000,3.490000,0.640000,102.610001,-2.480000,6.860000,301.350006,48.860001,88334.703125,39.08,106.83,44.930000,PM10,25716
25.830000,49.270000,17.990000,16.520000,0.750000,99.709999,-4.150000,10.740000,295.779999,64.419998,82846.992188,39.22,106.31,49.270000,PM10,25957
27.040001,49.259998,15.710000,11.470000,0.710000,101.739998,-3.050000,9.660000,295.660004,64.379997,82543.796875,39.22,106.48,49.259998,PM10,25958
27.219999,47.820000,11.570000,5.080000,0.670000,104.519997,-2.600000,8.650000,298.440002,55.830002,85307.773438,39.21,106.66,47.820000,PM10,25959
27.950001,50.480000,14.890000,9.470000,0.700000,102.790001,-3.930000,9.990000,298.510010,55.290001,85212.476562,39.35,106.66,50.239998,PM10,26201
40.880001,56.849998,10.470000,9.380000,0.480000,78.379997,-0.870000,7.970000,290.519989,87.559998,78805.687500,35.42,106.08,57.350002,PM2.5,18968
41.160000,56.209999,10.190000,8.170000,0.470000,80.690002,0.570000,7.590000,289.630005,88.910004,77354.468750,35.42,106.25,57.700001,PM2.5,18969
40.099998,55.580002,9.740000,9.560000,0.500000,81.610001,0.100000,6.720000,291.950012,81.620003,80152.500000,35.42,106.42,56.375000,PM2.5,18970
39.810001,56.139999,11.380000,7.600000,0.490000,81.300003,-1.410000,8.620000,292.260010,81.389999,80778.031250,35.56,105.92,56.012501,PM2.5,19212
40.080002,55.349998,10.790000,7.700000,0.490000,80.970001,-0.160000,8.610000,290.290009,86.370003,78112.609375,35.56,106.09,56.350002,PM2.5,19213
40.259998,55.189999,10.450000,8.190000,0.500000,81.220001,0.580000,8.170000,289.880005,86.300003,77260.273438,35.56,106.25,56.574997,PM2.5,19214
38.599998,53.340000,10.350000,9.990000,0.520000,83.470001,-0.120000,6.740000,292.359985,79.389999,80473.718750,35.56,106.42,54.500000,PM2.5,19215
39.840000,56.680000,11.960000,6.830000,0.520000,81.529999,-1.550000,8.480000,292.609985,80.940002,81190.320312,35.7,105.75,56.049999,PM2.5,19456
39.160000,55.180000,11.520000,6.980000,0.520000,81.620003,-0.640000,8.770000,292.109985,80.620003,80278.742188,35.7,105.92,55.200001,PM2.5,19457
38.900002,54.150002,11.150000,7.540000,0.520000,81.330002,0.660000,8.650000,291.070007,81.930000,78674.796875,35.7,106.09,54.875000,PM2.5,19458
38.290001,53.340000,10.780000,8.530000,0.530000,81.339996,0.360000,8.030000,291.630005,78.470001,78870.546875,35.69,106.25,54.112503,PM2.5,19459
37.910000,53.220001,10.630000,11.180000,0.560000,81.599998,-1.120000,6.950000,293.049988,76.680000,81198.382812,35.69,106.42,53.637501,PM2.5,19460
38.709999,55.330002,11.660000,5.130000,0.560000,82.449997,-3.250000,8.780000,292.420013,79.800003,80509.171875,35.83,105.42,54.637497,PM2.5,19697
39.689999,56.810001,12.050000,6.620000,0.590000,81.309998,-2.300000,8.550000,292.149994,81.970001,80539.218750,35.83,105.59,55.862499,PM2.5,19698
39.180000,55.880001,11.830000,6.770000,0.600000,81.709999,-1.200000,8.490000,292.329987,80.779999,80681.843750,35.83,105.75,55.224998,PM2.5,19699
38.520000,54.459999,11.440000,7.100000,0.590000,81.410004,-0.180000,8.750000,291.799988,80.949997,79758.656250,35.83,105.92,54.400002,PM2.5,19700
38.009998,53.259998,11.100000,7.430000,0.580000,81.459999,0.930000,8.530000,291.250000,80.769997,78751.593750,35.83,106.09,53.762497,PM2.5,19701
36.910000,52.209999,10.780000,9.360000,0.590000,80.510002,0.150000,7.560000,292.619995,75.349998,80020.218750,35.83,106.26,52.387501,PM2.5,19702
37.410000,53.240002,10.710000,13.390000,0.610000,80.010002,-1.820000,6.950000,293.690002,74.809998,82047.890625,35.83,106.42,53.012501,PM2.5,19703
40.310001,57.610001,11.140000,22.709999,0.650000,77.099998,-2.240000,6.920000,294.029999,77.180000,83261.726562,35.83,106.59,56.637501,PM2.5,19704
40.759998,58.799999,10.310000,26.010000,0.630000,76.250000,-1.640000,6.810000,294.679993,76.300003,84280.343750,35.82,106.76,57.199997,PM2.5,19705
38.189999,54.369999,11.500000,4.850000,0.630000,81.959999,-3.190000,8.510000,292.130005,80.440002,80112.492188,35.97,105.42,53.987499,PM2.5,19940
39.330002,55.959999,11.890000,6.360000,0.670000,81.040001,-2.070000,8.410000,291.470001,83.790001,79676.929688,35.97,105.59,55.412502,PM2.5,19941
38.860001,55.130001,11.640000,6.650000,0.670000,81.360001,-0.640000,8.490000,291.410004,83.459999,79529.937500,35.97,105.76,54.825001,PM2.5,19942
38.080002,53.709999,11.340000,6.880000,0.650000,81.669998,0.560000,9.010000,291.359985,82.000000,79121.617188,35.97,105.92,53.850002,PM2.5,19943
37.009998,52.270000,11.100000,7.550000,0.640000,81.209999,0.960000,8.780000,291.859985,78.029999,79198.062500,35.97,106.09,52.512497,PM2.5,19944
35.840000,51.430000,10.880000,10.330000,0.650000,79.510002,-0.670000,7.280000,293.429993,73.300003,81059.382812,35.97,106.26,51.049999,PM2.5,19945
37.279999,53.660000,10.950000,15.430000,0.670000,78.500000,-2.450000,6.710000,293.970001,74.949997,82634.726562,35.96,106.43,52.849998,PM2.5,19946
39.950001,57.430000,11.140000,22.260000,0.680000,76.690002,-2.410000,7.090000,293.739990,78.669998,82916.617188,35.96,106.59,56.187500,PM2.5,19947
40.529999,58.549999,10.210000,24.730000,0.650000,76.180000,-1.700000,7.060000,294.029999,78.699997,83499.648438,35.96,106.76,56.912498,PM2.5,19948
39.020000,55.180000,11.920000,6.660000,0.740000,79.889999,-1.520000,8.610000,290.559998,86.059998,78442.781250,36.11,105.59,55.025002,PM2.5,20186
38.529999,54.310001,11.400000,6.920000,0.730000,80.260002,0.200000,8.830000,290.660004,85.230003,78429.226562,36.11,105.76,54.412498,PM2.5,20187
36.990002,52.310001,11.220000,7.250000,0.710000,81.169998,1.160000,9.100000,291.950012,78.959999,79478.687500,36.1,105.92,52.487503,PM2.5,20188
35.139999,50.500000,11.220000,8.940000,0.700000,79.669998,0.180000,8.000000,293.630005,72.139999,81001.273438,36.1,106.09,50.250000,PM10,20189
35.040001,50.910000,11.230000,12.120000,0.700000,77.820000,-2.080000,6.760000,294.250000,71.809998,82275.476562,36.1,106.26,50.455002,PM10,20190
37.180000,53.759998,11.350000,15.980000,0.700000,77.610001,-2.800000,6.840000,293.649994,77.120003,82409.953125,36.1,106.43,52.724998,PM2.5,20191
39.619999,57.130001,11.670000,21.580000,0.710000,76.279999,-2.090000,7.300000,293.299988,79.989998,82265.031250,36.1,106.6,55.774998,PM2.5,20192
40.029999,57.970001,10.360000,22.730000,0.670000,76.370003,-1.580000,7.250000,293.739990,79.470001,83044.546875,36.1,106.77,56.287498,PM2.5,20193
39.680000,58.349998,9.640000,19.340000,0.660000,78.190002,-1.460000,6.930000,294.660004,77.040001,84314.617188,36.09,106.93,55.849998,PM2.5,20194
38.750000,54.049999,11.980000,6.580000,0.770000,78.769997,-0.720000,8.940000,290.010010,86.680000,77564.867188,36.24,105.59,54.687500,PM2.5,20431
37.759998,52.750000,11.410000,6.440000,0.750000,80.690002,0.760000,8.940000,291.149994,81.919998,78719.539062,36.24,105.76,53.449997,PM2.5,20432
35.250000,50.060001,11.280000,7.460000,0.730000,80.269997,0.570000,8.040000,293.690002,72.809998,81238.062500,36.24,105.93,50.312500,PM2.5,20433
33.889999,49.279999,11.660000,10.250000,0.720000,77.760002,-1.360000,6.640000,294.970001,69.320000,82761.492188,36.24,106.09,49.279999,PM10,20434
35.060001,50.820000,11.820000,12.160000,0.720000,77.449997,-2.950000,6.730000,294.190002,73.349998,82476.351562,36.24,106.26,50.410000,PM10,20435
37.209999,53.549999,12.070000,14.760000,0.710000,77.410004,-2.610000,7.140000,293.170013,78.900002,81803.210938,36.24,106.43,52.762497,PM2.5,20436
39.150002,56.349998,12.710000,18.879999,0.710000,76.720001,-1.850000,7.100000,293.239990,79.839996,82114.539062,36.23,106.6,55.187500,PM2.5,20437
36.939999,50.549999,11.380000,3.810000,0.710000,81.660004,-1.340000,9.200000,291.140015,81.400002,78543.773438,36.38,105.42,52.424999,PM2.5,20676
38.029999,52.150002,11.770000,5.170000,0.750000,80.150002,-0.290000,9.180000,290.399994,84.050003,77730.328125,36.38,105.59,53.787498,PM2.5,20677
36.709999,50.759998,11.440000,5.680000,0.740000,80.959999,0.360000,8.530000,291.940002,78.300003,79364.070312,36.38,105.76,52.137497,PM2.5,20678
34.060001,48.279999,11.520000,7.480000,0.720000,79.410004,-0.450000,6.890000,294.519989,70.610001,82268.351562,36.38,105.93,48.657146,PM2.5,20679
33.349998,48.380001,12.340000,10.270000,0.710000,76.889999,-2.060000,6.630000,295.269989,69.410004,83338.476562,36.37,106.1,48.380001,PM10,20680
34.669998,49.770000,11.960000,10.610000,0.690000,77.629997,-2.930000,7.460000,293.940002,74.339996,82181.296875,36.37,106.26,49.770000,PM10,20681
36.669998,52.209999,12.290000,12.120000,0.690000,78.000000,-2.540000,7.390000,292.839996,79.559998,81277.437500,36.37,106.43,52.087498,PM2.5,20682
36.139999,48.950001,11.670000,3.570000,0.720000,81.489998,-0.290000,8.710000,292.170013,77.320000,79497.203125,36.51,105.42,51.424999,PM2.5,20922
36.490002,49.730000,11.820000,4.720000,0.750000,79.959999,-0.140000,8.340000,292.130005,77.010002,79313.257812,36.51,105.59,51.862503,PM2.5,20923
35.419998,48.639999,11.530000,5.100000,0.730000,80.430000,-0.570000,7.740000,293.049988,74.349998,80411.671875,36.51,105.76,50.524998,PM2.5,20924
33.450001,46.930000,11.570000,6.590000,0.700000,78.980003,-1.270000,6.710000,294.679993,70.830002,82536.648438,36.51,105.93,47.785717,PM2.5,20925
32.619999,46.950001,12.400000,8.890000,0.680000,76.760002,-1.960000,7.290000,295.470001,69.059998,83625.281250,36.51,106.1,46.950001,PM10,20926
33.419998,47.759998,11.940000,8.430000,0.650000,78.269997,-2.600000,7.860000,294.589996,71.769997,82689.648438,36.51,106.27,47.759998,PM10,20927
35.790001,47.980000,12.010000,3.260000,0.730000,80.610001,-0.930000,7.710000,292.130005,77.760002,79425.406250,36.65,105.25,50.987503,PM2.5,21168
35.320000,47.650002,11.970000,3.530000,0.720000,81.010002,-0.110000,7.160000,293.220001,74.029999,80546.242188,36.65,105.42,50.400002,PM2.5,21169
34.580002,47.299999,11.850000,4.660000,0.750000,78.980003,-0.340000,6.140000,294.109985,70.949997,81376.046875,36.65,105.59,49.400002,PM2.5,21170
33.820000,46.500000,11.590000,4.800000,0.710000,79.349998,-1.160000,6.440000,294.779999,69.690002,82261.476562,36.65,105.76,48.314285,PM2.5,21171
32.459999,45.180000,11.400000,5.650000,0.670000,78.199997,-1.720000,6.660000,295.359985,69.419998,83276.312500,36.65,105.93,46.371426,PM2.5,21172
31.480000,44.880001,11.990000,7.380000,0.640000,76.589996,-2.010000,7.270000,295.970001,67.580002,84116.531250,36.65,106.1,44.971428,PM2.5,21173
31.900000,45.320000,11.600000,6.680000,0.600000,78.099998,-2.400000,7.450000,295.380005,69.080002,83472.906250,36.64,106.27,45.571426,PM2.5,21174
33.849998,47.490002,11.980000,6.910000,0.580000,79.779999,-2.660000,7.350000,293.799988,74.849998,81903.007812,36.64,106.44,48.357140,PM2.5,21175
34.259998,46.529999,12.140000,4.300000,0.750000,79.459999,-0.630000,5.350000,294.119995,71.320000,81562.476562,36.79,105.42,48.942856,PM2.5,21416
33.279999,45.790001,11.730000,5.080000,0.760000,78.089996,-0.660000,4.440000,295.220001,68.239998,82735.593750,36.78,105.59,47.542854,PM2.5,21417
32.410000,44.820000,11.500000,5.390000,0.720000,77.970001,-1.450000,5.300000,296.000000,66.750000,83705.031250,36.78,105.76,46.299999,PM2.5,21418
31.549999,43.709999,11.190000,5.570000,0.650000,77.760002,-2.230000,6.400000,296.119995,67.330002,84091.539062,36.78,105.93,45.071426,PM2.5,21419
31.110001,43.599998,11.330000,6.360000,0.600000,77.000000,-2.440000,6.970000,295.859985,68.129997,83994.617188,36.78,106.1,44.442860,PM2.5,21420
31.490000,43.990002,10.980000,5.640000,0.550000,78.480003,-2.340000,6.960000,295.200012,70.089996,83349.601562,36.78,106.27,44.985714,PM2.5,21421
32.910000,45.630001,11.320000,5.730000,0.510000,80.139999,-2.610000,7.030000,294.130005,74.010002,82293.859375,36.78,106.44,47.014286,PM2.5,21422
35.270000,48.360001,11.960000,5.710000,0.480000,81.889999,-2.380000,6.960000,292.820007,80.150002,81393.539062,36.78,106.61,50.337502,PM2.5,21423
33.750000,46.040001,12.360000,5.080000,0.790000,77.330002,-2.000000,4.500000,293.869995,71.430000,81265.976562,36.92,105.25,48.214287,PM2.5,21661
32.840000,45.290001,11.970000,5.630000,0.780000,76.580002,-1.240000,3.950000,294.839996,68.739998,82418.593750,36.92,105.42,46.914288,PM2.5,21662
32.020000,44.340000,11.430000,5.720000,0.770000,76.349998,-0.950000,3.640000,295.850006,66.250000,83565.507812,36.92,105.59,45.742859,PM2.5,21663
31.469999,43.549999,11.400000,6.020000,0.730000,76.820000,-1.600000,4.900000,296.540009,65.269997,84451.882812,36.92,105.76,44.957142,PM2.5,21664
30.580000,42.250000,11.000000,5.600000,0.650000,77.500000,-2.450000,6.270000,296.779999,65.239998,84838.281250,36.92,105.93,43.685715,PM2.5,21665
30.809999,42.470001,10.730000,5.260000,0.570000,78.169998,-2.600000,6.890000,295.609985,68.690002,83682.382812,36.92,106.1,44.014286,PM2.5,21666
31.350000,43.040001,10.400000,4.780000,0.510000,79.500000,-2.170000,6.800000,294.700012,71.519997,82773.000000,36.92,106.27,44.785713,PM2.5,21667
32.240002,44.180000,10.720000,4.850000,0.470000,80.879997,-2.290000,7.100000,294.100006,73.940002,82281.468750,36.91,106.44,46.057144,PM2.5,21668
32.669998,44.799999,12.490000,5.380000,0.820000,76.129997,-2.400000,3.890000,294.230011,69.019997,81553.546875,37.06,105.09,46.671425,PM2.5,21907
33.200001,45.380001,12.120000,5.760000,0.810000,75.669998,-2.500000,3.800000,293.130005,72.669998,80451.562500,37.06,105.26,47.428574,PM2.5,21908
32.090000,44.490002,11.660000,6.410000,0.800000,74.330002,-1.710000,3.230000,294.390015,69.059998,81916.023438,37.06,105.43,45.842857,PM2.5,21909
30.950001,43.150002,11.220000,6.750000,0.790000,74.559998,-1.410000,3.100000,296.100006,64.919998,83941.242188,37.06,105.6,44.214287,PM2.5,21910
30.410000,41.759998,10.860000,5.530000,0.730000,76.910004,-1.950000,4.770000,297.190002,63.000000,85196.140625,37.06,105.77,43.442856,PM2.5,21911
30.170000,41.040001,10.520000,4.940000,0.650000,78.080002,-2.670000,6.340000,296.790009,64.970001,84898.226562,37.05,105.93,43.099998,PM2.5,21912
30.799999,41.590000,10.210000,4.550000,0.560000,79.040001,-2.590000,6.750000,295.059998,70.089996,83082.132812,37.05,106.1,44.000000,PM2.5,21913
31.170000,42.080002,9.840000,4.290000,0.490000,79.570000,-1.830000,6.400000,294.440002,72.480003,82567.046875,37.05,106.27,44.528572,PM2.5,21914
31.360001,42.590000,10.090000,4.410000,0.440000,80.489998,-1.610000,6.890000,294.589996,72.160004,82804.906250,37.05,106.44,44.799999,PM2.5,21915
32.610001,44.290001,10.790000,4.350000,0.410000,82.430000,-2.000000,7.430000,293.950012,74.440002,82155.976562,37.05,106.61,46.585716,PM2.5,21916
31.780001,44.330002,13.090000,7.570000,0.850000,73.860001,-2.100000,3.200000,294.829987,67.190002,82454.226562,37.19,104.91,45.400002,PM2.5,22156
32.680000,45.049999,12.180000,6.330000,0.840000,74.250000,-2.360000,3.490000,293.350006,71.099998,80622.546875,37.19,105.09,46.685715,PM2.5,22157
32.919998,45.389999,11.830000,6.860000,0.830000,73.510002,-2.620000,3.820000,292.660004,73.580002,79939.437500,37.19,105.26,47.028568,PM2.5,22158
31.580000,44.540001,11.390000,7.820000,0.820000,71.790001,-2.230000,2.920000,293.839996,70.540001,81465.867188,37.19,105.43,45.114285,PM2.5,22159
29.870001,42.799999,11.040000,8.250000,0.800000,72.059998,-1.830000,2.590000,296.079987,64.480003,84078.796875,37.19,105.6,42.799999,PM10,22160
29.549999,40.630001,10.570000,5.480000,0.730000,76.599998,-2.050000,4.240000,297.619995,61.160000,85684.773438,37.19,105.77,42.214283,PM2.5,22161
29.860001,40.119999,10.240000,4.560000,0.650000,78.080002,-2.730000,6.450000,296.739990,64.360001,84732.960938,37.19,105.94,42.657143,PM2.5,22162
30.990000,41.070000,9.910000,4.080000,0.570000,79.279999,-2.720000,6.900000,294.320007,71.779999,82234.546875,37.19,106.11,44.271427,PM2.5,22163
31.660000,41.880001,9.530000,4.020000,0.500000,78.839996,-1.590000,6.360000,293.339996,76.050003,81490.562500,37.19,106.28,45.228573,PM2.5,22164
30.860001,41.369999,9.790000,4.030000,0.440000,80.139999,-0.890000,6.250000,294.950012,71.120003,83337.203125,37.19,106.45,44.085716,PM2.5,22165
30.969999,42.049999,10.610000,4.020000,0.410000,81.610001,-1.780000,6.550000,295.640015,69.010002,84074.093750,37.18,106.62,44.242855,PM2.5,22166
32.849998,44.259998,11.740000,4.270000,0.400000,82.830002,-2.890000,6.930000,295.100006,71.820000,83855.140625,37.18,106.79,46.928570,PM2.5,22167
34.500000,46.049999,13.130000,4.150000,0.400000,84.089996,-2.940000,7.040000,294.570007,74.750000,83729.796875,37.18,106.96,49.285713,PM2.5,22168
35.750000,47.470001,14.810000,4.180000,0.390000,83.839996,-2.380000,7.020000,294.220001,76.480003,83603.546875,37.18,107.13,50.937500,PM2.5,22169
36.509998,48.270000,16.540001,4.430000,0.380000,84.860001,-1.840000,7.040000,294.429993,75.989998,83954.750000,37.17,107.3,51.887497,PM2.5,22170
30.040001,43.070000,13.230000,8.440000,0.820000,71.910004,-2.970000,0.590000,295.649994,65.190002,84011.718750,37.33,104.74,43.070000,PM10,22407
30.760000,44.369999,12.700000,9.250000,0.840000,70.669998,-2.540000,0.890000,295.010010,67.370003,83245.476562,37.33,104.91,44.369999,PM10,22408
31.059999,44.849998,12.140000,9.650000,0.850000,69.400002,-2.370000,1.490000,294.559998,68.459999,82566.617188,37.33,105.09,44.849998,PM10,22409
30.590000,44.430000,11.620000,9.470000,0.830000,70.180000,-2.880000,2.500000,294.769989,67.519997,82699.570312,37.33,105.26,44.430000,PM10,22410
29.530001,43.889999,11.380000,10.220000,0.820000,70.339996,-3.050000,2.250000,295.390015,66.050003,83680.218750,37.33,105.43,43.889999,PM10,22411
28.190001,42.560001,11.100000,10.300000,0.790000,71.120003,-2.680000,1.780000,296.959991,62.020000,85478.617188,37.33,105.6,42.560001,PM10,22412
27.940001,40.910000,10.350000,7.560000,0.730000,73.839996,-2.320000,2.900000,297.700012,60.759998,86101.281250,37.33,105.77,40.910000,PM10,22413
28.920000,39.509998,9.900000,4.980000,0.650000,76.760002,-2.010000,5.200000,297.459991,61.900002,85582.203125,37.33,105.94,41.314285,PM2.5,22414
30.110001,39.669998,9.650000,3.850000,0.570000,79.300003,-2.030000,6.170000,295.559998,66.949997,83301.421875,37.32,106.11,43.014286,PM2.5,22415
31.330000,40.919998,9.300000,3.740000,0.500000,79.150002,-1.760000,6.330000,293.649994,73.769997,81496.132812,37.32,106.28,44.757141,PM2.5,22416
30.420000,40.419998,9.700000,3.810000,0.450000,79.889999,-1.400000,5.530000,295.399994,69.570000,83913.656250,37.32,106.45,43.457142,PM2.5,22417
30.260000,40.840000,10.690000,4.060000,0.420000,80.709999,-2.170000,5.340000,296.709991,66.300003,85557.148438,37.32,106.62,43.228573,PM2.5,22418
32.349998,43.130001,11.970000,4.430000,0.400000,81.910004,-3.020000,6.400000,295.820007,69.690002,84775.140625,37.32,106.79,46.214283,PM2.5,22419
34.570000,45.240002,13.270000,4.200000,0.390000,83.610001,-2.810000,6.720000,294.769989,73.910004,83895.960938,37.31,106.96,49.385715,PM2.5,22420
36.209999,46.849998,14.760000,4.060000,0.390000,83.639999,-2.200000,6.920000,294.279999,75.949997,83568.796875,37.31,107.13,51.512497,PM2.5,22421
30.860001,42.860001,15.230000,7.510000,0.730000,73.739998,-4.350000,-0.910000,293.399994,73.419998,82588.867188,37.46,104.4,44.085716,PM2.5,22658
30.370001,43.380001,14.450000,8.810000,0.750000,72.510002,-4.370000,-1.130000,294.209991,70.750000,83550.492188,37.46,104.57,43.385715,PM2.5,22659
30.240000,44.160000,13.910000,10.230000,0.780000,71.230003,-4.360000,-1.030000,294.799988,69.000000,84142.476562,37.46,104.74,44.160000,PM10,22660
29.950001,44.709999,13.390000,11.900000,0.810000,69.620003,-3.860000,-1.000000,295.489990,67.370003,85042.203125,37.46,104.91,44.709999,PM10,22661
29.139999,44.279999,12.890000,13.070000,0.820000,69.419998,-3.450000,-0.470000,296.709991,63.200001,86057.710938,37.46,105.09,44.279999,PM10,22662
28.530001,43.209999,11.750000,11.900000,0.810000,71.110001,-3.850000,0.530000,297.239990,61.150002,86346.796875,37.46,105.26,43.209999,PM10,22663
27.900000,42.599998,11.320000,11.680000,0.790000,72.529999,-4.270000,0.600000,297.480011,60.500000,86608.601562,37.46,105.43,42.599998,PM10,22664
26.990000,41.990002,10.910000,11.900000,0.770000,72.150002,-4.000000,0.110000,297.869995,59.759998,87149.562500,37.46,105.6,41.990002,PM10,22665
26.930000,41.310001,10.140000,9.570000,0.730000,73.139999,-3.350000,0.710000,297.950012,60.310001,87086.906250,37.46,105.77,41.310001,PM10,22666
27.570000,40.560001,9.830000,7.260000,0.670000,74.629997,-2.440000,2.230000,297.859985,61.080002,86581.179688,37.46,105.94,40.560001,PM10,22667
28.799999,39.180000,9.550000,4.500000,0.580000,76.750000,-1.870000,3.360000,297.160004,63.070000,85536.078125,37.46,106.11,41.142857,PM2.5,22668
29.480000,38.799999,9.390000,3.600000,0.500000,78.040001,-2.450000,4.490000,296.450012,65.430000,84734.546875,37.46,106.28,42.114285,PM2.5,22669
29.870001,39.480000,10.040000,3.720000,0.460000,79.690002,-2.870000,4.710000,296.609985,66.370003,85428.031250,37.46,106.45,42.671429,PM2.5,22670
30.500000,40.459999,11.080000,4.070000,0.420000,81.019997,-2.800000,4.730000,296.779999,66.540001,85831.359375,37.45,106.62,43.571430,PM2.5,22671
32.349998,42.369999,12.350000,4.430000,0.400000,82.360001,-2.980000,5.770000,296.019989,69.389999,85084.671875,37.45,106.79,46.214283,PM2.5,22672
34.590000,44.450001,13.580000,4.270000,0.390000,83.029999,-2.790000,6.070000,294.980011,73.349998,84174.453125,37.45,106.96,49.414288,PM2.5,22673
36.189999,45.959999,14.940000,4.030000,0.390000,82.870003,-2.290000,5.930000,294.790009,74.480003,84204.406250,37.45,107.13,51.487499,PM2.5,22674
28.639999,44.500000,13.660000,16.270000,0.790000,69.260002,-5.040000,-0.940000,296.799988,64.470001,86888.750000,37.6,105.09,44.500000,PM10,22916
28.100000,43.459999,11.830000,15.390000,0.780000,70.519997,-5.680000,-0.990000,297.079987,63.049999,86932.218750,37.6,105.26,43.459999,PM10,22917
27.680000,43.200001,10.990000,15.530000,0.770000,70.620003,-6.100000,-1.400000,296.790009,63.709999,86586.156250,37.6,105.43,43.200001,PM10,22918
26.940001,43.049999,10.270000,15.890000,0.750000,69.180000,-5.130000,-2.020000,296.609985,64.410004,86602.148438,37.6,105.6,43.049999,PM10,22919
26.540001,42.459999,9.540000,13.120000,0.720000,70.889999,-3.750000,-1.850000,297.200012,63.279999,87368.867188,37.6,105.77,42.459999,PM10,22920
27.090000,41.820000,9.290000,9.950000,0.680000,72.760002,-3.120000,-0.610000,297.359985,63.720001,87117.101562,37.6,105.94,41.820000,PM10,22921
28.980000,40.610001,9.670000,5.740000,0.600000,76.300003,-3.050000,0.830000,297.109985,65.430000,86459.679688,37.6,106.11,41.399998,PM2.5,22922
29.570000,39.000000,10.080000,3.570000,0.520000,79.230003,-3.460000,2.670000,297.609985,63.919998,86815.812500,37.59,106.28,42.242855,PM2.5,22923
30.040001,39.459999,10.680000,3.670000,0.470000,80.930000,-3.770000,3.950000,297.369995,64.879997,86524.562500,37.59,106.45,42.914288,PM2.5,22924
31.139999,40.779999,11.570000,4.010000,0.440000,81.910004,-3.520000,4.200000,296.649994,67.540001,85923.242188,37.59,106.63,44.485714,PM2.5,22925
32.669998,42.240002,12.720000,4.220000,0.420000,83.199997,-3.380000,4.780000,296.230011,69.419998,85589.703125,37.59,106.8,46.671425,PM2.5,22926
34.880001,44.540001,14.060000,4.250000,0.410000,84.089996,-3.370000,4.900000,295.250000,73.379997,84786.046875,37.59,106.97,49.828571,PM2.5,22927
36.919998,46.880001,15.700000,4.490000,0.410000,82.800003,-2.990000,4.530000,294.750000,75.820000,84563.093750,37.58,107.14,52.399998,PM2.5,22928
37.869999,48.360001,17.740000,5.200000,0.420000,82.339996,-2.310000,4.350000,295.380005,73.860001,85337.828125,37.58,107.31,53.587498,PM2.5,22929
26.650000,44.369999,8.370000,18.100000,0.710000,66.500000,-4.000000,-3.680000,295.529999,69.989998,86541.843750,37.73,105.77,44.369999,PM10,23173
25.809999,43.099998,8.200000,14.110000,0.680000,69.629997,-2.890000,-2.520000,296.570007,67.220001,87397.750000,37.73,105.94,43.099998,PM10,23174
27.870001,42.240002,9.120000,8.670000,0.620000,74.760002,-2.910000,-0.410000,296.829987,67.300003,87038.039062,37.73,106.11,42.240002,PM10,23175
30.430000,40.389999,10.770000,4.120000,0.550000,81.000000,-3.770000,2.190000,297.510010,65.120003,87140.046875,37.73,106.29,43.471428,PM2.5,23176
30.950001,40.400002,11.320000,3.800000,0.510000,82.709999,-4.440000,3.670000,297.130005,66.330002,86624.781250,37.73,106.46,44.214287,PM2.5,23177
32.279999,41.939999,12.150000,4.130000,0.480000,83.269997,-4.240000,3.720000,296.140015,70.070000,85757.703125,37.73,106.63,46.114285,PM2.5,23178
33.820000,43.509998,13.260000,4.330000,0.460000,84.080002,-3.960000,3.810000,295.829987,71.739998,85619.882812,37.72,106.8,48.314285,PM2.5,23179
35.939999,45.910000,14.550000,4.540000,0.460000,83.940002,-4.030000,3.910000,295.100006,74.690002,85041.882812,37.72,106.97,51.174999,PM2.5,23180
38.480000,48.959999,16.219999,4.930000,0.460000,82.690002,-3.740000,3.600000,294.339996,78.180000,84488.796875,37.72,107.14,54.349998,PM2.5,23181
39.459999,50.630001,18.250000,5.770000,0.460000,81.790001,-3.150000,3.080000,294.640015,77.879997,85144.351562,37.72,107.31,55.574997,PM2.5,23182
39.869999,51.720001,21.080000,7.080000,0.460000,79.750000,-2.700000,2.790000,295.269989,75.860001,85981.453125,37.71,107.48,56.087498,PM2.5,23183
24.520000,44.959999,6.600000,20.590000,0.690000,64.349998,-2.840000,-3.820000,295.980011,69.709999,87546.406250,37.87,105.94,44.959999,PM10,23430
24.480000,44.230000,6.970000,14.990000,0.640000,69.300003,-2.310000,-1.770000,297.000000,67.410004,88052.953125,37.87,106.12,44.230000,PM10,23431
29.709999,41.970001,10.170000,6.360000,0.580000,79.820000,-3.200000,1.280000,297.489990,66.379997,87847.742188,37.86,106.29,42.442856,PM2.5,23432
31.129999,42.070000,11.170000,4.930000,0.540000,82.379997,-4.560000,3.470000,296.660004,68.589996,86517.953125,37.86,106.46,44.471428,PM2.5,23433
32.490002,43.779999,11.820000,5.490000,0.530000,82.730003,-4.820000,3.620000,295.320007,73.320000,85209.531250,37.86,106.63,46.414288,PM2.5,23434
33.790001,45.450001,12.640000,6.460000,0.520000,82.370003,-4.510000,3.500000,295.010010,75.000000,85136.218750,37.86,106.8,48.271431,PM2.5,23435
36.330002,47.439999,14.280000,5.740000,0.510000,83.190002,-4.350000,3.410000,294.570007,76.940002,84834.750000,37.86,106.97,51.662502,PM2.5,23436
38.959999,49.709999,15.840000,5.110000,0.500000,83.239998,-3.940000,2.950000,293.959991,80.050003,84494.023438,37.85,107.15,54.949997,PM2.5,23437
39.820000,51.060001,17.670000,5.620000,0.490000,82.730003,-3.400000,2.470000,294.320007,79.589996,85195.343750,37.85,107.32,56.025002,PM2.5,23438
40.150002,51.790001,19.670000,6.100000,0.480000,80.930000,-3.160000,2.310000,294.929993,77.680000,85962.742188,37.85,107.49,56.437500,PM2.5,23439
25.660000,45.549999,6.380000,18.340000,0.730000,70.279999,-3.260000,-4.860000,295.570007,71.820000,87907.882812,38.0,105.95,45.549999,PM10,23687
23.590000,45.180000,5.840000,17.790001,0.660000,67.559998,-2.580000,-3.320000,296.799988,68.260002,88534.617188,38.0,106.12,45.180000,PM10,23688
28.110001,43.650002,8.330000,11.610000,0.610000,74.919998,-3.420000,-0.250000,297.190002,68.029999,88207.632812,38.0,106.29,43.650002,PM10,23689
31.160000,43.820000,10.430000,7.620000,0.580000,81.480003,-4.780000,2.500000,296.450012,70.070000,86870.828125,38.0,106.46,44.514286,PM2.5,23690
33.040001,45.040001,11.450000,6.530000,0.570000,82.370003,-5.180000,3.090000,295.260010,74.379997,85690.703125,38.0,106.63,47.200001,PM2.5,23691
34.520000,46.619999,12.320000,6.560000,0.570000,82.959999,-5.110000,3.240000,294.869995,76.070000,85461.382812,37.99,106.81,49.314285,PM2.5,23692
36.849998,48.439999,13.940000,5.760000,0.570000,83.680000,-5.030000,3.000000,294.329987,78.580002,85066.453125,37.99,106.98,52.312500,PM2.5,23693
39.090000,50.380001,15.520000,5.170000,0.550000,83.709999,-4.480000,2.470000,293.790009,81.489998,84741.242188,37.99,107.15,55.112499,PM2.5,23694
39.590000,51.299999,17.280001,5.580000,0.530000,83.110001,-3.770000,2.050000,294.209991,80.769997,85456.156250,37.99,107.32,55.737499,PM2.5,23695
29.969999,46.009998,7.710000,14.100000,0.780000,80.440002,-5.540000,-4.670000,293.359985,80.000000,85890.617188,38.14,105.77,46.009998,PM10,23940
26.700001,46.180000,6.400000,17.950001,0.780000,73.500000,-3.750000,-5.680000,294.809998,75.129997,87782.953125,38.14,105.95,46.180000,PM10,23941
23.299999,46.380001,5.080000,20.700001,0.730000,66.099998,-2.840000,-4.370000,296.140015,70.639999,88637.656250,38.14,106.12,46.380001,PM10,23942
26.980000,45.380001,6.570000,16.170000,0.670000,69.440002,-3.430000,-1.610000,296.600006,70.050003,88248.250000,38.14,106.29,45.380001,PM10,23943
31.680000,45.160000,9.660000,10.120000,0.620000,77.779999,-4.780000,1.510000,296.100006,72.000000,87142.476562,38.13,106.46,45.257145,PM2.5,23944
34.400002,46.060001,11.830000,6.960000,0.620000,82.910004,-5.370000,2.380000,295.299988,75.120003,86374.351562,38.13,106.64,49.142860,PM2.5,23945
35.779999,47.360001,12.840000,5.470000,0.610000,85.300003,-5.460000,2.740000,294.920013,76.699997,86017.296875,38.13,106.81,50.974998,PM2.5,23946
39.290001,51.139999,15.380000,5.240000,0.600000,84.419998,-4.610000,2.280000,293.579987,82.779999,84864.203125,38.12,107.15,55.362503,PM2.5,23948
27.920000,46.709999,6.480000,18.190001,0.830000,76.290001,-3.510000,-5.630000,293.700012,79.550003,86890.437500,38.27,105.95,46.709999,PM10,24198
23.340000,47.490002,4.620000,23.330000,0.830000,66.220001,-2.510000,-4.860000,295.549988,73.129997,88738.351562,38.27,106.12,47.490002,PM10,24199
26.350000,46.930000,6.240000,18.370001,0.760000,69.519997,-2.780000,-2.880000,296.029999,71.910004,88285.507812,38.27,106.29,46.930000,PM10,24200
31.490000,46.080002,9.420000,11.230000,0.670000,78.949997,-3.970000,0.580000,295.899994,72.580002,87269.843750,38.27,106.47,46.080002,PM10,24201
29.360001,46.410000,7.050000,16.590000,0.860000,81.120003,-3.500000,-4.750000,292.720001,83.180000,85894.046875,38.41,105.95,46.410000,PM10,24457
25.000000,47.599998,5.360000,22.709999,0.910000,71.480003,-2.350000,-4.960000,294.989990,75.250000,88551.328125,38.41,106.12,47.599998,PM10,24458
26.940001,48.389999,6.810000,18.690001,0.890000,73.430000,-2.150000,-3.830000,295.540009,73.680000,88540.492188,38.41,106.3,48.389999,PM10,24459
31.030001,47.200001,9.310000,11.440000,0.770000,82.070000,-2.810000,-0.930000,295.940002,72.419998,87965.546875,38.4,106.47,47.200001,PM10,24460
30.950001,44.209999,8.840000,10.390000,0.810000,91.769997,-3.850000,-3.980000,292.519989,82.760002,85342.593750,38.54,105.95,44.214287,PM2.5,24717
28.670000,45.740002,8.570000,14.170000,0.900000,85.559998,-2.210000,-5.060000,294.739990,76.239998,88462.187500,38.54,106.12,45.740002,PM10,24718
29.320000,48.150002,9.000000,15.170000,0.940000,81.750000,-1.730000,-4.330000,295.149994,75.570000,88761.546875,38.54,106.3,48.150002,PM10,24719
31.709999,47.849998,10.210000,10.740000,0.860000,85.260002,-2.070000,-2.170000,295.709991,73.889999,88418.039062,38.54,106.47,47.849998,PM10,24720
34.180000,46.810001,12.020000,6.030000,0.740000,89.410004,-3.350000,1.050000,295.779999,72.830002,87526.492188,38.54,106.64,48.828571,PM2.5,24721
31.459999,43.139999,8.880000,8.100000,0.750000,94.669998,-4.220000,-2.730000,290.769989,86.089996,82269.609375,38.68,105.95,44.942856,PM2.5,24975
29.410000,44.830002,9.020000,11.990000,0.870000,87.839996,-1.900000,-4.550000,293.720001,78.769997,87006.171875,38.68,106.13,44.830002,PM10,24976
29.200001,47.790001,9.570000,14.910000,0.960000,84.220001,-1.200000,-4.370000,294.839996,77.040001,88916.343750,38.68,106.3,47.790001,PM10,24977
31.120001,48.070000,10.620000,11.330000,0.910000,86.790001,-1.790000,-2.530000,295.329987,75.989998,88558.531250,38.68,106.47,48.070000,PM10,24978
32.919998,47.009998,12.000000,7.270000,0.810000,89.779999,-3.000000,-0.140000,295.809998,73.779999,88111.109375,38.67,106.65,47.028568,PM2.5,24979
34.930000,46.060001,8.690000,7.580000,0.730000,95.379997,-3.800000,0.440000,286.970001,96.379997,76605.242188,38.82,105.95,49.900002,PM2.5,25225
31.120001,46.060001,8.790000,11.770000,0.840000,86.070000,-1.320000,-2.470000,290.950012,87.739998,83233.859375,38.81,106.13,46.060001,PM10,25226
28.400000,46.810001,9.840000,15.110000,0.950000,85.949997,-0.910000,-3.520000,294.799988,76.839996,89017.187500,38.81,106.3,46.810001,PM10,25227
29.639999,47.450001,10.860000,12.360000,0.920000,88.139999,-1.900000,-2.370000,295.269989,76.389999,88938.773438,38.81,106.48,47.450001,PM10,25228
31.070000,46.980000,11.800000,9.290000,0.860000,89.180000,-3.240000,-0.860000,295.630005,75.320000,88571.898438,38.81,106.65,46.980000,PM10,25229
33.830002,49.799999,9.140000,13.930000,0.870000,86.150002,-2.220000,0.690000,288.820007,95.989998,80619.187500,38.95,106.13,49.799999,PM10,25468
27.980000,47.220001,9.750000,16.969999,0.940000,85.760002,-1.670000,-1.650000,293.690002,80.519997,87614.867188,38.95,106.3,47.220001,PM10,25469
27.879999,46.310001,10.860000,14.200000,0.920000,89.269997,-2.660000,-1.870000,295.279999,75.779999,89112.742188,38.95,106.48,46.310001,PM10,25470
29.219999,46.180000,11.880000,10.660000,0.880000,91.300003,-3.510000,-1.200000,295.540009,75.290001,88973.578125,38.94,106.65,46.180000,PM10,25471
30.870001,45.840000,12.800000,7.620000,0.820000,91.620003,-3.870000,0.070000,295.529999,75.250000,88528.960938,38.94,106.83,45.840000,PM10,25472
30.430000,49.770000,9.030000,19.799999,0.910000,82.830002,-4.330000,3.750000,289.160004,95.110001,81181.976562,39.08,106.13,49.770000,PM10,25712
24.809999,47.869999,8.920000,24.230000,0.970000,78.739998,-3.860000,1.030000,291.630005,87.750000,84603.937500,39.08,106.31,47.869999,PM10,25713
26.309999,46.209999,10.250000,17.809999,0.920000,86.959999,-3.980000,-0.600000,293.200012,82.160004,86343.750000,39.08,106.48,46.209999,PM10,25714
28.360001,45.759998,11.800000,11.120000,0.880000,92.290001,-3.570000,-0.920000,294.420013,78.360001,87873.132812,39.08,106.65,45.759998,PM10,25715
28.600000,45.660000,12.680000,9.980000,0.860000,93.870003,-3.810000,0.030000,295.470001,74.820000,88773.296875,39.08,106.83,45.660000,PM10,25716
25.700001,48.270000,10.060000,24.959999,0.970000,80.919998,-5.110000,3.550000,291.170013,87.300003,83229.796875,39.22,106.31,48.270000,PM10,25957
28.799999,48.810001,10.910000,18.459999,0.920000,87.470001,-4.630000,1.970000,290.589996,90.849998,82904.171875,39.22,106.48,48.810001,PM10,25958
29.770000,47.779999,12.090000,12.130000,0.890000,94.620003,-3.690000,0.840000,292.470001,84.779999,85712.742188,39.21,106.66,47.779999,PM10,25959
28.270000,47.240002,12.770000,22.309999,0.890000,88.510002,-4.280000,3.010000,292.679993,82.699997,85635.687500,39.35,106.66,47.240002,PM10,26201
