PM2.5(微克每立方米),PM10(微克每立方米),SO2(微克每立方米),NO2(微克每立方米),CO(毫克每立方米),O3(微克每立方米),U(m/s),V(m/s),TEMP(K),RH(%),PSFC(Pa),lat,lon,AQI,Major pollutants,id
38.660000,70.029999,16.370001,17.879999,0.690000,33.049999,1.480000,1.650000,277.640015,87.320000,79365.156250,35.42,106.08,60.014999,PM10,18968
38.220001,68.589996,15.450000,17.620001,0.670000,33.169998,3.790000,1.260000,276.609985,88.900002,77806.031250,35.42,106.25,59.294998,PM10,18969
36.910000,67.290001,15.180000,17.420000,0.660000,33.990002,4.780000,1.010000,279.190002,79.050003,80726.726562,35.42,106.42,58.645000,PM10,18970
38.410000,72.269997,17.740000,19.400000,0.720000,32.310001,0.510000,1.320000,279.329987,80.290001,81475.312500,35.56,105.92,61.134998,PM10,19212
37.930000,69.800003,16.549999,18.469999,0.680000,33.639999,1.790000,1.510000,277.119995,85.820000,78641.250000,35.56,106.09,59.900002,PM10,19213
37.410000,68.830002,15.510000,18.400000,0.670000,33.639999,4.180000,1.120000,276.600006,85.910004,77713.273438,35.56,106.25,59.415001,PM10,19214
35.450001,66.680000,15.400000,18.500000,0.670000,34.490002,4.220000,0.030000,279.640015,73.900002,81072.703125,35.56,106.42,58.340000,PM10,19215
38.630001,73.970001,18.540001,20.170000,0.730000,31.969999,0.440000,0.720000,279.589996,78.410004,81933.671875,35.7,105.75,61.985001,PM10,19456
37.639999,72.169998,17.620001,19.580000,0.710000,33.180000,0.820000,0.940000,278.920013,79.900002,80951.703125,35.7,105.92,61.084999,PM10,19457
37.130001,70.129997,16.730000,19.170000,0.680000,34.139999,2.250000,1.210000,277.570007,83.260002,79239.906250,35.7,106.09,60.064999,PM10,19458
36.270000,69.129997,15.880000,19.100000,0.670000,34.790001,4.260000,0.950000,277.940002,79.580002,79422.953125,35.69,106.25,59.564999,PM10,19459
35.099998,68.349998,15.350000,19.730000,0.680000,33.610001,3.810000,-0.700000,280.049988,71.720001,81855.718750,35.69,106.42,59.174999,PM10,19460
38.029999,70.660004,16.549999,19.850000,0.680000,35.810001,0.980000,0.130000,278.980011,76.389999,81263.476562,35.83,105.42,60.330002,PM10,19697
38.180000,74.959999,17.530001,21.120001,0.740000,33.980000,0.550000,0.500000,279.160004,76.589996,81265.546875,35.83,105.59,62.480000,PM10,19698
36.970001,75.389999,16.889999,21.570000,0.750000,33.330002,0.410000,0.520000,279.209991,77.019997,81397.593750,35.83,105.75,62.695000,PM10,19699
36.570000,74.629997,16.059999,21.480000,0.740000,34.060001,0.970000,0.520000,278.470001,79.239998,80405.609375,35.83,105.92,62.314999,PM10,19700
36.430000,72.860001,15.480000,20.820000,0.710000,34.869999,2.700000,0.730000,277.690002,80.769997,79322.703125,35.83,106.09,61.430000,PM10,19701
35.400002,72.629997,14.970000,21.889999,0.720000,34.369999,4.340000,0.500000,278.890015,74.930000,80639.828125,35.83,106.26,61.314999,PM10,19702
34.509998,72.150002,14.600000,22.900000,0.730000,32.490002,3.120000,-1.130000,280.440002,70.470001,82768.117188,35.83,106.42,61.075001,PM10,19703
34.000000,72.510002,15.450000,28.440001,0.760000,27.620001,1.220000,-1.450000,280.700012,72.940002,84036.101562,35.83,106.59,61.255001,PM10,19704
36.330002,71.400002,15.580000,34.549999,0.740000,22.340000,0.800000,0.230000,281.049988,76.730003,85095.593750,35.82,106.76,60.700001,PM10,19705
37.380001,71.709999,15.640000,19.110001,0.700000,37.230000,0.590000,0.200000,278.660004,76.059998,80840.273438,35.97,105.42,60.855000,PM10,19940
36.790001,76.099998,16.360001,22.350000,0.750000,35.320000,0.400000,0.260000,278.559998,76.050003,80350.171875,35.97,105.59,63.049999,PM10,19941
35.779999,76.769997,15.320000,22.950001,0.760000,35.029999,0.610000,0.310000,278.359985,77.050003,80178.023438,35.97,105.76,63.384998,PM10,19942
35.680000,76.839996,14.490000,23.480000,0.760000,35.000000,1.400000,0.490000,277.859985,79.449997,79737.937500,35.97,105.92,63.419998,PM10,19943
35.549999,76.750000,14.400000,24.680000,0.770000,34.459999,3.270000,0.980000,277.920013,78.580002,79805.742188,35.97,106.09,63.375000,PM10,19944
34.410000,76.169998,14.030000,25.540001,0.780000,33.400002,4.210000,0.240000,279.649994,71.419998,81747.507812,35.97,106.26,63.084999,PM10,19945
33.730000,75.349998,13.900000,26.620001,0.780000,31.240000,2.450000,-1.380000,280.519989,70.489998,83399.203125,35.96,106.43,62.674999,PM10,19946
33.980000,74.660004,14.830000,29.610001,0.780000,28.510000,1.270000,-1.140000,280.480011,72.730003,83677.257812,35.96,106.59,62.330002,PM10,19947
35.509998,72.250000,14.670000,28.110001,0.750000,27.860001,1.270000,-0.100000,280.690002,75.459999,84273.023438,35.96,106.76,61.125000,PM10,19948
36.009998,77.180000,15.560000,24.170000,0.770000,36.500000,0.620000,-0.190000,277.589996,76.260002,79048.539062,36.11,105.59,63.590000,PM10,20186
34.779999,77.410004,14.070000,24.790001,0.770000,36.180000,1.300000,0.190000,277.600006,76.309998,79022.078125,36.11,105.76,63.705002,PM10,20187
34.380001,78.519997,13.290000,26.510000,0.790000,35.009998,2.370000,0.980000,278.190002,75.860001,80127.343750,36.1,105.92,64.259995,PM10,20188
34.830002,81.099998,13.900000,31.049999,0.850000,32.700001,3.450000,1.250000,279.380005,71.970001,81722.781250,36.1,106.09,65.550003,PM10,20189
33.790001,79.349998,13.490000,30.000000,0.830000,31.750000,3.030000,-0.260000,280.279999,69.610001,83048.750000,36.1,106.26,64.675003,PM10,20190
33.279999,77.529999,13.580000,29.790001,0.810000,30.709999,1.950000,-1.210000,279.989990,72.519997,83168.656250,36.1,106.43,63.764999,PM10,20191
33.610001,76.370003,14.560000,31.320000,0.800000,28.910000,1.990000,-0.710000,279.959991,73.250000,82991.429688,36.1,106.6,63.185001,PM10,20192
34.320000,73.430000,13.970000,27.559999,0.760000,29.480000,1.960000,0.010000,280.619995,72.830002,83795.320312,36.1,106.77,61.715000,PM10,20193
36.200001,72.000000,14.090000,26.200001,0.740000,29.059999,1.210000,0.660000,281.000000,76.110001,85125.546875,36.09,106.93,61.000000,PM10,20194
34.950001,73.650002,14.730000,22.760000,0.730000,38.980000,1.370000,-0.470000,276.980011,74.070000,78131.593750,36.24,105.59,61.825001,PM10,20431
34.000000,75.000000,13.830000,23.990000,0.740000,37.900002,2.550000,-0.050000,277.970001,71.379997,79339.562500,36.24,105.76,62.500000,PM10,20432
33.480000,76.330002,13.310000,26.510000,0.770000,35.900002,3.040000,0.830000,279.790009,67.300003,81993.226562,36.24,105.93,63.165001,PM10,20433
34.180000,79.129997,14.320000,32.220001,0.840000,32.619999,2.550000,0.610000,280.619995,66.879997,83594.226562,36.24,106.09,64.565002,PM10,20434
33.529999,77.050003,13.870000,30.360001,0.810000,32.230000,1.710000,-0.650000,279.959991,71.080002,83270.937500,36.24,106.26,63.525002,PM10,20435
33.090000,74.959999,13.830000,29.209999,0.780000,32.020000,1.900000,-0.790000,279.339996,73.949997,82528.257812,36.24,106.43,62.480000,PM10,20436
33.029999,73.559998,14.340000,28.860001,0.770000,31.000000,2.600000,-0.410000,279.769989,72.500000,82834.023438,36.23,106.6,61.779999,PM10,20437
34.889999,66.910004,13.720000,17.100000,0.670000,42.279999,0.640000,0.480000,277.589996,71.040001,79198.093750,36.38,105.42,58.455002,PM10,20676
33.970001,69.519997,13.670000,19.610001,0.680000,41.130001,2.090000,0.090000,277.070007,71.540001,78322.679688,36.38,105.59,59.759998,PM10,20677
33.450001,71.889999,13.680000,21.980000,0.700000,39.419998,3.590000,-0.150000,278.570007,66.559998,80024.343750,36.38,105.76,60.945000,PM10,20678
32.910000,73.120003,13.620000,24.750000,0.720000,37.119999,3.230000,-0.030000,280.730011,61.830002,83081.062500,36.38,105.93,61.560001,PM10,20679
34.240002,76.760002,15.820000,32.110001,0.800000,33.299999,1.600000,0.140000,280.820007,64.919998,84212.929688,36.37,106.1,63.380001,PM10,20680
33.320000,73.400002,14.470000,28.930000,0.750000,33.779999,1.190000,-0.040000,279.579987,71.139999,82965.140625,36.37,106.26,61.700001,PM10,20681
32.980000,71.550003,14.010000,26.860001,0.720000,33.709999,2.320000,-0.330000,278.869995,74.330002,81974.617188,36.37,106.43,60.775002,PM10,20682
35.700001,67.559998,14.050000,17.410000,0.670000,42.209999,1.820000,1.390000,278.359985,66.639999,80216.062500,36.51,105.42,58.779999,PM10,20922
34.849998,70.709999,14.080000,20.260000,0.690000,41.560001,2.550000,1.250000,278.390015,65.690002,80007.718750,36.51,105.59,60.355000,PM10,20923
34.200001,72.230003,14.260000,21.139999,0.690000,40.099998,3.890000,0.360000,279.410004,62.310001,81138.859375,36.51,105.76,61.115002,PM10,20924
33.560001,72.309998,14.300000,22.559999,0.700000,38.480000,3.580000,-0.230000,280.929993,59.509998,83369.093750,36.51,105.93,61.154999,PM10,20925
34.349998,73.449997,16.030001,28.309999,0.740000,35.270000,1.690000,0.370000,280.970001,62.919998,84522.867188,36.51,106.1,61.724998,PM10,20926
33.250000,70.339996,15.060000,24.690001,0.690000,36.139999,1.080000,0.950000,279.929993,68.930000,83513.968750,36.51,106.27,60.169998,PM10,20927
37.970001,69.059998,14.570000,18.750000,0.680000,42.599998,2.510000,1.080000,278.519989,62.880001,80150.226562,36.65,105.25,59.529999,PM10,21168
36.630001,68.440002,14.440000,18.000000,0.670000,42.580002,3.160000,1.710000,279.350006,61.750000,81319.203125,36.65,105.42,59.220001,PM10,21169
36.139999,72.440002,14.720000,21.040001,0.700000,41.189999,3.210000,1.910000,280.010010,60.150002,82183.773438,36.65,105.59,61.220001,PM10,21170
35.259998,73.129997,15.030000,20.920000,0.690000,40.540001,3.670000,1.210000,280.820007,57.799999,83102.148438,36.65,105.76,61.564999,PM10,21171
34.660000,72.330002,15.190000,21.120001,0.680000,39.770000,3.130000,0.040000,281.369995,57.730000,84162.382812,36.65,105.93,61.165001,PM10,21172
35.049999,71.129997,16.520000,25.010000,0.690000,37.480000,1.440000,0.390000,281.170013,61.799999,85047.867188,36.65,106.1,60.564999,PM10,21173
33.750000,68.250000,15.930000,20.990000,0.640000,38.180000,0.930000,1.340000,280.429993,66.550003,84348.312500,36.64,106.27,59.125000,PM10,21174
33.669998,66.919998,15.790000,18.950001,0.620000,38.400002,2.110000,1.070000,279.279999,71.000000,82655.703125,36.64,106.44,58.459999,PM10,21175
37.470001,69.449997,14.430000,20.110001,0.660000,42.619999,4.000000,1.540000,280.429993,56.380001,82382.390625,36.79,105.42,59.724998,PM10,21416
37.000000,73.029999,14.730000,22.090000,0.680000,41.349998,3.710000,1.670000,281.170013,55.950001,83614.210938,36.78,105.59,61.514999,PM10,21417
36.889999,75.300003,15.740000,23.760000,0.700000,40.130001,3.150000,1.160000,281.730011,55.549999,84633.632812,36.78,105.76,62.650002,PM10,21418
36.880001,74.660004,16.440001,24.389999,0.690000,39.439999,1.720000,-0.030000,281.429993,58.389999,85036.328125,36.78,105.93,62.330002,PM10,21419
36.599998,70.440002,17.330000,24.280001,0.660000,38.860001,0.720000,0.300000,280.809998,62.939999,84915.882812,36.78,106.1,60.220001,PM10,21420
34.820000,66.820000,16.420000,19.590000,0.610000,39.750000,1.020000,1.120000,280.209991,66.410004,84210.156250,36.78,106.27,58.410000,PM10,21421
34.810001,65.680000,16.420000,17.700001,0.580000,39.500000,2.020000,1.260000,279.440002,69.580002,83069.593750,36.78,106.44,57.840000,PM10,21422
35.009998,64.550003,16.590000,15.190000,0.560000,39.509998,3.420000,0.390000,278.790009,71.860001,82084.367188,36.78,106.61,57.275002,PM10,21423
39.680000,71.540001,14.240000,23.370001,0.660000,43.000000,4.000000,0.540000,280.079987,55.740002,82077.726562,36.92,105.25,60.770000,PM10,21661
38.689999,71.180000,14.140000,22.549999,0.660000,42.419998,4.370000,0.540000,281.059998,53.889999,83282.781250,36.92,105.42,60.590000,PM10,21662
38.270000,74.410004,14.500000,23.170000,0.670000,41.540001,3.860000,0.700000,281.809998,53.080002,84491.890625,36.92,105.59,62.205002,PM10,21663
39.709999,80.040001,16.600000,27.680000,0.720000,39.590000,2.480000,0.290000,282.029999,54.570000,85430.117188,36.92,105.76,65.020004,PM10,21664
40.849998,80.949997,18.450001,29.240000,0.730000,38.799999,0.660000,0.050000,281.609985,58.340000,85835.656250,36.92,105.93,65.474998,PM10,21665
38.689999,71.949997,17.790001,22.770000,0.640000,40.549999,0.500000,0.500000,280.519989,63.020000,84581.671875,36.92,106.1,60.974998,PM10,21666
37.090000,68.199997,16.959999,19.090000,0.600000,40.889999,1.600000,1.050000,279.790009,66.099998,83592.203125,36.92,106.27,59.099998,PM10,21667
36.830002,66.559998,16.959999,17.110001,0.570000,40.669998,2.280000,1.620000,279.459991,68.000000,83054.453125,36.91,106.44,58.279999,PM10,21668
41.169998,74.470001,14.300000,24.010000,0.640000,44.180000,2.020000,0.460000,279.809998,57.220001,82401.851562,37.06,105.09,62.235001,PM10,21907
40.980000,73.949997,14.090000,23.469999,0.640000,43.799999,3.790000,-0.680000,279.200012,57.500000,81206.421875,37.06,105.26,61.974998,PM10,21908
40.250000,74.419998,14.080000,23.490000,0.640000,42.959999,5.100000,-0.950000,280.750000,52.540001,82736.039062,37.06,105.43,62.209999,PM10,21909
40.259998,78.970001,14.670000,26.260000,0.680000,41.389999,4.190000,-0.680000,282.279999,49.549999,84882.109375,37.06,105.6,64.485001,PM10,21910
41.669998,83.320000,16.180000,27.520000,0.710000,40.549999,1.620000,-0.100000,282.399994,52.599998,86222.898438,37.06,105.77,66.660004,PM10,21911
42.680000,83.639999,17.809999,27.180000,0.720000,40.730000,-0.100000,0.520000,281.519989,58.080002,85895.851562,37.05,105.93,66.820000,PM10,21912
40.869999,75.180000,17.290001,22.190001,0.650000,42.240002,0.820000,0.330000,280.070007,62.750000,83936.296875,37.05,106.1,62.590000,PM10,21913
39.770000,71.790001,17.020000,19.280001,0.610000,42.060001,2.510000,0.500000,279.720001,64.110001,83366.039062,37.05,106.27,60.895000,PM10,21914
39.169998,69.209999,17.160000,17.080000,0.580000,41.680000,2.930000,1.880000,280.010010,64.370003,83609.710938,37.05,106.44,59.605000,PM10,21915
39.160000,67.150002,17.430000,14.170000,0.540000,42.119999,3.400000,2.020000,279.859985,64.629997,82905.882812,37.05,106.61,58.575001,PM10,21916
39.369999,71.410004,13.440000,26.290001,0.600000,45.020000,1.820000,1.110000,280.640015,52.099998,83362.078125,37.19,104.91,60.705002,PM10,22156
41.320000,74.779999,13.510000,22.540001,0.610000,45.189999,2.170000,0.650000,279.100006,56.950001,81408.820312,37.19,105.09,62.389999,PM10,22157
41.650002,75.650002,13.560000,22.760000,0.620000,44.540001,4.220000,-0.090000,278.940002,55.369999,80662.437500,37.19,105.26,62.825001,PM10,22158
41.439999,77.620003,13.790000,23.400000,0.630000,43.639999,5.740000,-0.960000,280.660004,49.720001,82252.453125,37.19,105.43,63.810001,PM10,22159
42.200001,84.250000,14.870000,27.190001,0.680000,41.810001,4.680000,-1.220000,282.679993,45.869999,85016.546875,37.19,105.6,67.125000,PM10,22160
44.230000,90.349998,16.559999,27.950001,0.730000,41.369999,1.470000,0.230000,282.790009,50.279999,86736.218750,37.19,105.77,70.175003,PM10,22161
45.160000,91.459999,17.639999,26.650000,0.750000,41.709999,-0.150000,1.400000,281.609985,55.820000,85715.132812,37.19,105.94,70.729996,PM10,22162
43.950001,84.430000,17.260000,22.629999,0.700000,42.619999,1.460000,0.810000,279.619995,61.840000,83033.203125,37.19,106.11,67.214996,PM10,22163
43.480000,81.639999,17.129999,20.340000,0.670000,42.330002,4.010000,-0.080000,279.350006,61.970001,82211.218750,37.19,106.28,65.820000,PM10,22164
42.770000,78.580002,17.360001,18.250000,0.640000,42.060001,4.550000,1.200000,280.959991,58.580002,84158.500000,37.19,106.45,64.290001,PM10,22165
42.630001,75.720001,17.690001,15.510000,0.600000,42.290001,3.680000,2.170000,281.470001,58.419998,84936.046875,37.18,106.62,62.860001,PM10,22166
43.779999,74.139999,18.430000,14.080000,0.560000,41.770000,3.020000,1.230000,281.000000,61.340000,84684.796875,37.18,106.79,62.070000,PM10,22167
44.830002,72.300003,19.650000,12.960000,0.520000,40.770000,2.310000,0.550000,280.070007,68.250000,84530.273438,37.18,106.96,62.287502,PM2.5,22168
45.770000,70.470001,20.940001,11.430000,0.480000,39.919998,2.190000,0.760000,279.420013,72.430000,84375.656250,37.18,107.13,63.462502,PM2.5,22169
46.910000,69.019997,22.059999,10.390000,0.450000,40.320000,2.040000,1.400000,279.570007,74.440002,84735.250000,37.17,107.3,64.887497,PM2.5,22170
33.430000,59.200001,10.810000,19.730000,0.510000,48.869999,1.920000,1.230000,282.369995,43.860001,85006.226562,37.33,104.74,54.599998,PM10,22407
37.830002,68.129997,12.370000,23.750000,0.560000,46.490002,1.980000,2.220000,281.399994,48.740002,84186.906250,37.33,104.91,59.064999,PM10,22408
40.599998,74.239998,13.410000,23.930000,0.590000,45.419998,3.130000,2.630000,281.109985,48.930000,83454.851562,37.33,105.09,62.119999,PM10,22409
41.490002,76.809998,13.510000,23.540001,0.600000,44.820000,4.500000,2.010000,281.540009,46.779999,83580.242188,37.33,105.26,63.404999,PM10,22410
42.040001,80.559998,13.930000,23.959999,0.630000,44.110001,5.290000,0.550000,282.570007,44.000000,84600.023438,37.33,105.43,65.279999,PM10,22411
45.610001,93.169998,16.799999,30.290001,0.710000,41.820000,4.290000,-0.690000,283.579987,43.410000,86501.007812,37.33,105.6,71.584999,PM10,22412
47.500000,99.169998,17.850000,28.469999,0.750000,41.650002,1.890000,0.940000,283.040009,48.779999,87168.992188,37.33,105.77,74.584999,PM10,22413
47.349998,99.150002,18.209999,25.350000,0.760000,42.750000,0.840000,2.590000,282.480011,51.939999,86610.257812,37.33,105.94,74.574997,PM10,22414
46.049999,92.709999,17.820000,21.620001,0.720000,44.320000,1.810000,2.610000,280.839996,56.700001,84170.601562,37.32,106.11,71.354996,PM10,22415
46.189999,90.449997,17.540001,19.740000,0.700000,43.490002,4.370000,1.460000,279.950012,57.150002,82223.781250,37.32,106.28,70.224998,PM10,22416
45.860001,87.680000,17.860001,18.230000,0.680000,43.139999,5.630000,1.100000,282.140015,52.000000,84751.976562,37.32,106.45,68.839996,PM10,22417
46.270000,85.120003,18.270000,16.910000,0.640000,42.049999,3.950000,1.220000,282.820007,53.130001,86498.796875,37.32,106.62,67.559998,PM10,22418
49.040001,84.959999,20.250000,16.580000,0.610000,40.700001,2.310000,1.250000,281.420013,60.250000,85664.031250,37.32,106.79,67.550003,PM2.5,22419
50.669998,82.320000,21.440001,14.970000,0.560000,40.180000,2.360000,1.320000,280.109985,67.910004,84710.242188,37.31,106.96,69.587494,PM2.5,22420
51.509998,78.379997,21.860001,12.550000,0.500000,40.060001,3.180000,1.590000,279.670013,71.089996,84339.976562,37.31,107.13,70.637497,PM2.5,22421
25.040001,41.270000,8.200000,13.640000,0.420000,54.529999,4.010000,-1.450000,281.510010,40.709999,83482.531250,37.46,104.4,41.270000,PM10,22658
27.850000,47.119999,8.450000,14.280000,0.440000,52.720001,3.920000,-0.950000,282.200012,40.810001,84490.703125,37.46,104.57,47.119999,PM10,22659
31.750000,56.130001,9.770000,17.889999,0.480000,49.970001,3.310000,0.250000,282.350006,42.730000,85116.562500,37.46,104.74,53.065002,PM10,22660
35.529999,64.849998,11.190000,21.340000,0.520000,47.810001,3.210000,2.240000,282.899994,43.689999,86062.406250,37.46,104.91,57.424999,PM10,22661
39.619999,75.339996,14.180000,25.410000,0.570000,45.980000,3.500000,2.500000,283.880005,41.889999,87135.453125,37.46,105.09,62.669998,PM10,22662
41.869999,80.699997,14.630000,25.129999,0.610000,45.549999,3.740000,1.740000,284.130005,41.490002,87439.570312,37.46,105.26,65.349998,PM10,22663
44.049999,87.470001,15.530000,26.040001,0.650000,45.509998,3.670000,0.140000,284.049988,42.119999,87710.820312,37.46,105.43,68.735001,PM10,22664
50.910000,105.660004,20.459999,35.590000,0.750000,42.119999,2.980000,-0.780000,283.859985,44.099998,88277.351562,37.46,105.6,77.830002,PM10,22665
53.250000,112.029999,20.400000,30.690001,0.780000,41.980000,2.120000,1.590000,283.540009,47.099998,88202.617188,37.46,105.77,81.014999,PM10,22666
52.759998,111.809998,20.110001,26.750000,0.790000,42.759998,2.070000,3.330000,283.269989,49.110001,87654.140625,37.46,105.94,80.904999,PM10,22667
51.209999,106.690002,19.340000,23.190001,0.760000,43.730000,3.030000,3.900000,282.690002,50.840000,86529.382812,37.46,106.11,78.345001,PM10,22668
51.139999,104.190002,18.950001,21.090000,0.740000,43.610001,4.820000,3.340000,282.670013,49.380001,85653.726562,37.46,106.28,77.095001,PM10,22669
51.410000,101.680000,19.030001,19.530001,0.720000,43.240002,5.360000,1.580000,283.170013,49.240002,86362.640625,37.46,106.45,75.839996,PM10,22670
52.880001,99.889999,19.400000,18.629999,0.700000,41.869999,3.790000,0.870000,282.730011,53.439999,86786.273438,37.45,106.62,74.945000,PM10,22671
56.139999,99.550003,21.750000,18.480000,0.670000,40.610001,2.580000,1.670000,281.549988,59.930000,85986.523438,37.45,106.79,76.425003,PM2.5,22672
58.220001,96.290001,22.889999,16.830000,0.610000,39.520000,3.190000,2.160000,280.500000,65.669998,84998.156250,37.45,106.96,79.025002,PM2.5,22673
58.820000,90.110001,22.750000,14.100000,0.540000,39.270000,4.290000,2.200000,280.380005,67.809998,85004.523438,37.45,107.13,79.775002,PM2.5,22674
41.520000,84.650002,18.150000,29.240000,0.620000,45.110001,2.890000,-0.170000,283.739990,42.040001,88004.953125,37.6,105.09,67.324997,PM10,22916
44.380001,90.809998,18.020000,28.559999,0.660000,45.700001,2.300000,-0.640000,283.489990,43.220001,88053.382812,37.6,105.26,70.404999,PM10,22917
47.959999,98.669998,18.900000,29.730000,0.700000,45.669998,2.460000,-1.530000,283.040009,44.590000,87674.312500,37.6,105.43,74.334999,PM10,22918
55.419998,116.449997,24.740000,40.360001,0.790000,41.439999,2.660000,-1.560000,283.049988,45.200001,87670.007812,37.6,105.6,83.224998,PM10,22919
60.200001,125.099998,23.469999,33.849998,0.830000,41.340000,2.350000,0.800000,283.510010,46.090000,88475.179688,37.6,105.77,87.550003,PM10,22920
61.150002,126.989998,23.139999,29.690001,0.830000,41.840000,2.540000,2.710000,283.440002,48.270000,88200.406250,37.6,105.94,88.494995,PM10,22921
58.930000,120.930000,21.870001,25.520000,0.790000,42.840000,3.680000,3.490000,283.239990,49.450001,87487.257812,37.6,106.11,85.464996,PM10,22922
58.160000,117.349998,21.010000,22.559999,0.760000,43.410000,4.180000,2.470000,283.779999,47.639999,87852.992188,37.59,106.28,83.675003,PM10,22923
59.520000,116.379997,20.920000,20.830000,0.740000,43.290001,3.490000,1.370000,283.239990,50.490002,87534.382812,37.59,106.45,83.190002,PM10,22924
62.240002,116.739998,21.170000,19.730000,0.730000,42.099998,2.880000,1.410000,282.350006,55.349998,86877.828125,37.59,106.63,84.050003,PM2.5,22925
63.970001,113.040001,21.930000,18.870001,0.690000,40.700001,2.690000,2.330000,281.790009,59.389999,86509.523438,37.59,106.8,86.212502,PM2.5,22926
64.760002,107.349998,22.389999,17.080000,0.640000,40.240002,3.290000,2.650000,281.070007,63.349998,85635.617188,37.59,106.97,87.200005,PM2.5,22927
64.910004,100.480003,22.620001,14.950000,0.580000,39.669998,4.500000,2.270000,280.750000,65.930000,85370.289062,37.58,107.14,87.387505,PM2.5,22928
65.089996,93.239998,23.230000,13.770000,0.530000,39.279999,4.660000,2.470000,281.109985,67.139999,86176.617188,37.58,107.31,87.612495,PM2.5,22929
59.970001,122.050003,22.490000,32.540001,0.820000,43.119999,3.210000,-0.650000,283.049988,45.049999,87558.562500,37.73,105.77,86.025002,PM10,23173
65.959999,133.630005,24.910000,34.849998,0.860000,40.959999,2.700000,0.790000,283.290009,46.590000,88471.007812,37.73,105.94,91.815002,PM10,23174
65.360001,131.600006,24.629999,29.410000,0.820000,41.779999,3.070000,1.990000,283.220001,48.720001,88085.460938,37.73,106.11,90.800003,PM10,23175
65.629997,130.039993,24.000000,25.540001,0.770000,42.869999,2.970000,1.230000,283.309998,49.480000,88189.671875,37.73,106.29,90.019997,PM10,23176
67.320000,130.100006,23.730000,23.280001,0.750000,43.020000,2.250000,1.440000,282.839996,52.310001,87633.468750,37.73,106.46,90.400002,PM2.5,23177
70.370003,131.509995,23.520000,22.020000,0.750000,41.930000,2.420000,1.940000,281.950012,56.610001,86690.500000,37.73,106.63,94.212502,PM2.5,23178
71.599998,127.430000,23.889999,21.100000,0.720000,40.889999,2.720000,2.430000,281.649994,59.830002,86525.593750,37.72,106.8,95.750000,PM2.5,23179
72.300003,122.529999,24.170000,19.600000,0.690000,40.130001,3.170000,2.690000,281.149994,62.950001,85894.406250,37.72,106.97,96.625000,PM2.5,23180
72.010002,115.470001,24.440001,17.889999,0.640000,39.599998,4.510000,2.290000,280.730011,65.010002,85281.609375,37.72,107.14,96.262505,PM2.5,23181
71.230003,106.690002,25.200001,17.139999,0.600000,38.860001,5.280000,2.100000,281.200012,65.129997,85951.320312,37.72,107.31,95.287506,PM2.5,23182
70.919998,98.430000,27.900000,17.610001,0.560000,37.560001,4.860000,2.590000,281.690002,65.489998,86830.843750,37.71,107.48,94.899994,PM2.5,23183
64.680000,137.740005,35.320000,59.240002,0.920000,34.970001,3.310000,-0.590000,283.399994,42.410000,88595.031250,37.87,105.94,93.870003,PM10,23430
93.860001,192.539993,50.200001,54.740002,1.190000,32.950001,2.400000,0.670000,283.399994,45.389999,89143.273438,37.87,106.12,123.574997,PM2.5,23431
80.900002,161.580002,36.939999,37.340000,0.910000,39.180000,1.660000,1.540000,283.489990,48.250000,88928.890625,37.86,106.29,107.375000,PM2.5,23432
79.379997,155.389999,32.549999,31.650000,0.850000,40.529999,1.530000,2.300000,282.630005,52.470001,87508.679688,37.86,106.46,105.474998,PM2.5,23433
81.160004,155.419998,31.350000,29.660000,0.840000,39.880001,2.580000,2.640000,281.619995,56.630001,86095.726562,37.86,106.63,107.700005,PM2.5,23434
87.570000,165.360001,39.360001,32.790001,0.880000,37.029999,3.320000,2.700000,281.369995,59.209999,85996.367188,37.86,106.8,115.712502,PM2.5,23435
88.180000,162.309998,40.509998,31.480000,0.850000,36.419998,3.620000,2.850000,281.049988,61.779999,85660.687500,37.86,106.97,116.474998,PM2.5,23436
84.110001,148.119995,37.110001,28.370001,0.790000,37.389999,4.580000,2.510000,280.980011,61.740002,85273.539062,37.85,107.15,111.387497,PM2.5,23437
80.440002,133.190002,35.860001,26.900000,0.730000,37.419998,5.060000,2.060000,281.579987,60.959999,85990.671875,37.85,107.32,106.800003,PM2.5,23438
76.419998,115.110001,34.930000,24.770000,0.660000,36.990002,4.480000,2.020000,281.959991,62.299999,86794.312500,37.85,107.49,101.774994,PM2.5,23439
54.349998,115.290001,25.670000,45.169998,0.850000,44.380001,3.800000,-1.220000,283.609985,39.400002,88948.023438,38.0,105.95,82.645004,PM10,23687
95.080002,193.720001,47.849998,57.040001,1.290000,37.400002,2.440000,0.100000,283.440002,42.040001,89626.453125,38.0,106.12,125.100006,PM2.5,23688
93.660004,186.160004,49.060001,48.070000,1.070000,38.259998,1.420000,1.990000,283.480011,46.660000,89286.492188,38.0,106.29,123.325005,PM2.5,23689
90.599998,179.800003,46.080002,43.360001,0.990000,38.650002,1.580000,3.160000,282.809998,50.759998,87862.242188,38.0,106.46,119.500000,PM2.5,23690
87.930000,171.750000,40.279999,38.669998,0.930000,38.630001,2.900000,3.520000,282.119995,53.590000,86589.890625,38.0,106.63,116.162498,PM2.5,23691
91.930000,177.169998,45.650002,40.340000,0.950000,36.680000,3.650000,3.340000,281.820007,56.020000,86326.648438,37.99,106.81,121.162498,PM2.5,23692
91.379997,172.110001,45.000000,37.790001,0.910000,36.680000,4.010000,3.150000,281.410004,58.450001,85892.093750,37.99,106.98,120.474998,PM2.5,23693
87.699997,159.949997,40.950001,34.060001,0.860000,37.389999,5.000000,2.620000,281.250000,58.730000,85522.031250,37.99,107.15,115.875000,PM2.5,23694
83.889999,146.449997,39.240002,32.279999,0.820000,37.630001,5.440000,1.930000,281.890015,57.380001,86253.992188,37.99,107.32,111.112503,PM2.5,23695
40.439999,81.980003,16.200001,21.320000,0.630000,54.880001,4.760000,-2.240000,282.609985,40.400002,86792.203125,38.14,105.77,65.990005,PM10,23940
49.549999,104.360001,20.830000,30.980000,0.830000,52.209999,3.980000,-1.940000,283.970001,36.650002,88782.640625,38.14,105.95,77.180000,PM10,23941
95.849998,195.449997,42.840000,59.259998,1.440000,40.470001,2.470000,-0.200000,283.760010,38.900002,89699.046875,38.14,106.12,126.062500,PM2.5,23942
107.300003,212.660004,62.540001,62.720001,1.260000,36.410000,1.630000,2.190000,283.380005,44.810001,89295.523438,38.14,106.29,140.375000,PM2.5,23943
104.500000,208.889999,64.629997,61.980000,1.180000,35.560001,1.990000,3.470000,282.920013,48.500000,88120.609375,38.13,106.46,136.875000,PM2.5,23944
95.980003,189.960007,52.660000,53.970001,1.040000,36.669998,3.030000,3.740000,282.519989,51.000000,87292.539062,38.13,106.64,126.225006,PM2.5,23945
93.779999,182.630005,49.180000,49.470001,1.000000,36.790001,3.460000,3.540000,282.119995,53.790001,86901.640625,38.13,106.81,123.474998,PM2.5,23946
87.470001,161.949997,41.040001,39.240002,0.880000,38.520000,4.800000,2.570000,281.299988,56.349998,85640.992188,38.12,107.15,115.587502,PM2.5,23948
48.340000,102.739998,22.480000,32.520000,0.840000,54.090000,4.990000,-2.220000,283.790009,35.400002,87801.679688,38.27,105.95,76.369995,PM10,24198
99.599998,208.809998,53.720001,77.889999,1.600000,35.790001,3.120000,-0.660000,284.350006,35.610001,89765.000000,38.27,106.12,130.750000,PM2.5,24199
122.309998,243.169998,78.930000,83.440002,1.530000,33.490002,2.000000,2.140000,283.510010,42.150002,89298.640625,38.27,106.29,160.442856,PM2.5,24200
120.389999,240.860001,84.809998,82.400002,1.410000,33.230000,2.340000,3.620000,283.019989,45.709999,88224.250000,38.27,106.47,157.699997,PM2.5,24201
47.930000,101.959999,24.400000,35.689999,0.840000,54.689999,5.870000,-1.760000,283.160004,35.000000,86725.882812,38.41,105.95,75.979996,PM10,24457
101.830002,224.139999,66.349998,87.510002,1.780000,33.090000,4.300000,-0.920000,284.820007,32.369999,89528.687500,38.41,106.12,137.070007,PM10,24458
138.779999,281.279999,95.760002,106.070000,1.940000,28.969999,2.770000,1.790000,283.869995,38.779999,89530.406250,38.41,106.3,183.971420,PM2.5,24459
139.529999,280.750000,104.349998,102.260002,1.780000,30.629999,2.550000,3.580000,283.570007,42.220001,88928.171875,38.4,106.47,185.042862,PM2.5,24460
41.529999,85.209999,19.100000,25.070000,0.720000,59.910000,5.750000,-2.140000,283.019989,32.669998,86131.578125,38.54,105.95,67.604996,PM10,24717
66.059998,138.690002,32.380001,52.349998,1.130000,47.840000,4.450000,-1.080000,285.440002,28.330000,89402.703125,38.54,106.12,94.345001,PM10,24718
112.830002,225.139999,63.330002,84.209999,1.710000,34.349998,2.650000,1.430000,284.450012,33.740002,89728.140625,38.54,106.3,147.287506,PM2.5,24719
126.260002,247.910004,85.279999,86.070000,1.680000,34.730000,1.840000,3.110000,283.859985,40.110001,89378.976562,38.54,106.47,166.085724,PM2.5,24720
108.820000,213.100006,78.830002,67.699997,1.290000,39.869999,1.490000,3.960000,283.230011,43.450001,88448.843750,38.54,106.64,142.274994,PM2.5,24721
38.009998,75.690002,16.959999,20.690001,0.650000,62.810001,5.520000,-3.670000,281.459991,31.309999,82887.187500,38.68,105.95,62.845001,PM10,24975
59.200001,118.919998,27.940001,36.299999,0.960000,55.630001,3.160000,-1.170000,285.299988,25.770000,87838.710938,38.68,106.13,84.459999,PM10,24976
121.080002,244.100006,85.019997,97.250000,1.880000,37.419998,0.260000,0.920000,284.929993,29.490000,89863.382812,38.68,106.3,158.685715,PM2.5,24977
123.930000,244.410004,91.629997,87.349998,1.720000,36.320000,0.080000,2.250000,283.989990,36.830002,89505.773438,38.68,106.47,162.757141,PM2.5,24978
108.660004,213.080002,85.370003,68.190002,1.320000,40.820000,0.570000,3.100000,283.609985,40.639999,89044.953125,38.67,106.65,142.075012,PM2.5,24979
37.849998,74.790001,17.160000,21.049999,0.650000,63.279999,6.190000,-3.160000,277.149994,34.560001,76956.273438,38.82,105.95,62.395000,PM10,25225
48.560001,94.720001,24.860001,29.160000,0.800000,58.020000,4.640000,-1.150000,283.200012,25.620001,83856.429688,38.81,106.13,72.360001,PM10,25226
105.489998,199.789993,78.540001,76.059998,1.650000,42.250000,0.020000,0.390000,285.190002,27.139999,89950.890625,38.81,106.3,138.112503,PM2.5,25227
123.709999,238.179993,101.389999,88.620003,1.780000,35.349998,-0.330000,0.660000,283.970001,34.590000,89892.007812,38.81,106.48,162.442856,PM2.5,25228
112.360001,218.880005,96.080002,74.050003,1.460000,40.070000,0.650000,1.310000,283.570007,39.470001,89518.242188,38.81,106.65,146.699997,PM2.5,25229
37.439999,72.800003,16.660000,21.160000,0.640000,59.209999,7.810000,-0.980000,281.160004,26.469999,81110.171875,38.95,106.13,61.400002,PM10,25468
92.570000,172.679993,71.419998,62.680000,1.480000,38.650002,2.530000,-0.440000,284.790009,25.410000,88457.343750,38.95,106.3,121.962502,PM2.5,25469
123.940002,233.119995,120.269997,86.349998,1.910000,33.590000,-0.000000,-1.120000,283.989990,30.930000,90068.703125,38.95,106.48,162.771439,PM2.5,25470
116.110001,218.929993,108.589996,77.800003,1.680000,38.740002,0.580000,-0.530000,283.279999,36.330002,89933.718750,38.94,106.65,151.585709,PM2.5,25471
95.820000,186.919998,82.900002,59.740002,1.260000,44.230000,1.470000,0.560000,283.079987,39.459999,89464.882812,38.94,106.83,126.025002,PM2.5,25472
35.490002,68.699997,17.340000,19.860001,0.620000,58.580002,8.180000,0.110000,280.859985,27.440001,81726.328125,39.08,106.13,59.349998,PM10,25712
76.040001,156.220001,76.250000,61.310001,1.250000,40.509998,6.150000,-1.440000,282.859985,25.990000,85291.859375,39.08,106.31,103.110001,PM10,25713
117.980003,238.419998,131.720001,81.559998,1.930000,32.709999,3.660000,-1.960000,283.160004,27.320000,87130.101562,39.08,106.48,154.257141,PM2.5,25714
115.790001,220.050003,100.839996,76.410004,1.810000,35.910000,2.070000,-1.020000,283.100006,30.730000,88747.046875,39.08,106.65,151.128571,PM2.5,25715
107.449997,207.979996,89.459999,64.480003,1.580000,42.770000,0.990000,-0.590000,282.660004,35.790001,89710.523438,39.08,106.83,140.562500,PM2.5,25716
66.519997,137.649994,66.930000,53.060001,1.140000,43.869999,6.850000,-0.540000,281.260010,28.240000,83878.929688,39.22,106.31,93.824997,PM10,25957
87.290001,181.470001,95.389999,67.680000,1.520000,36.910000,6.620000,-1.220000,280.980011,28.740000,83511.656250,39.22,106.48,115.735001,PM10,25958
94.680000,188.669998,86.070000,68.330002,1.660000,36.189999,4.940000,-0.400000,282.619995,27.760000,86446.328125,39.21,106.66,124.599998,PM2.5,25959
73.510002,148.309998,61.380001,57.720001,1.480000,37.610001,6.070000,0.140000,282.760010,26.809999,86362.609375,39.35,106.66,99.154999,PM10,26201
